Biloxi.txt
ncols        492
nrows        531
xllcorner    -93.791666666667
yllcorner    26.258333333333
cellsize     0.016666666667
[rows 168 to 223 of 531, columns 0 to 95 of 492]
75 65 61 64 63 68 68 68 57 45 45 48 46 46 45 43 44 45 47 49 54 48 59 62 82 98 89 89 85 84 88 81 74 73 54 52 56 63 73 84 79 89 90 88 85 81 76 78 67 64 75 80 89 79 74 76 74 70 71 67 69 71 69 59 63 81 85 73 80 85 94 85 82 92 87 89 84 75 72 73 69 66 62 57 55 60 66 67 69 69 57 47 44 39 35 31
77 79 80 74 72 73 66 64 59 53 45 50 46 46 46 45 43 45 48 46 50 49 50 56 76 97 88 83 86 83 82 80 71 68 56 54 64 74 86 81 81 98 83 87 99 100 91 86 63 66 77 80 89 85 76 64 74 71 66 73 69 60 58 57 63 78 72 75 84 89 94 83 79 84 81 82 84 83 82 84 80 72 66 69 63 51 57 66 63 64 68 64 43 39 49 47
78 79 84 77 69 65 67 66 59 63 49 45 49 46 46 46 44 44 45 45 48 50 47 55 76 92 88 79 80 80 78 76 70 65 56 52 62 72 94 96 77 79 77 87 100 93 92 80 62 65 73 82 74 78 80 75 61 66 61 61 64 56 48 52 62 66 67 82 94 96 88 83 74 74 74 74 77 82 77 81 79 78 67 60 62 57 49 56 60 61 64 68 57 51 57 62
74 70 72 71 67 58 60 62 58 51 43 47 50 46 45 46 45 45 44 46 47 47 50 63 73 89 97 83 76 78 78 71 66 61 57 52 61 60 67 74 72 96 92 93 96 94 80 83 60 66 83 83 74 67 70 73 64 58 63 59 57 58 61 65 62 72 79 91 92 88 89 80 83 78 67 67 71 76 73 76 70 78 75 74 68 64 56 51 49 59 60 62 63 63 58 61
71 67 62 62 63 58 54 54 58 54 51 43 48 44 45 45 45 45 43 44 44 46 64 69 69 88 89 83 78 75 77 74 64 58 55 55 65 60 67 79 81 112 113 98 96 88 93 66 60 72 84 76 73 81 68 63 68 58 60 56 53 54 63 71 71 83 91 86 86 80 84 79 84 91 81 68 66 68 69 66 74 69 76 77 76 69 59 57 51 48 57 58 59 66 57 56
73 72 64 60 57 56 52 53 59 59 62 52 46 43 44 44 46 45 45 44 45 44 58 62 68 79 75 83 80 73 77 74 65 64 53 54 57 63 70 77 81 85 93 102 91 99 74 66 59 78 84 75 70 82 75 65 60 56 53 49 53 59 68 76 78 92 90 77 83 77 73 74 82 89 83 80 70 66 58 62 68 64 65 71 71 70 67 65 62 54 47 50 56 65 63 54
67 66 71 67 64 63 60 60 53 54 61 52 42 43 44 45 45 45 45 44 46 44 58 65 68 75 74 83 78 70 74 76 71 59 52 54 66 74 75 79 77 71 89 101 86 79 68 62 54 66 72 74 61 66 73 66 59 54 52 50 56 71 67 75 74 87 91 73 75 71 68 76 84 86 84 76 70 63 60 57 56 60 62 66 67 67 70 64 62 58 48 47 55 61 60 53
83 85 78 74 71 62 60 64 60 55 52 59 57 56 61 52 44 44 45 47 45 45 49 66 69 69 69 74 77 69 67 73 68 63 52 50 62 63 64 64 68 71 89 112 92 95 90 66 54 56 59 68 58 55 58 63 59 52 52 53 63 68 72 77 70 83 86 74 69 63 71 80 86 78 77 78 71 75 72 67 58 52 58 58 61 59 63 63 62 60 57 50 46 50 57 52
89 84 76 70 67 63 60 53 51 53 49 52 59 61 59 58 44 43 44 43 42 44 44 57 67 68 74 74 72 65 67 75 75 70 54 49 52 54 54 60 66 75 97 109 89 84 75 68 65 57 53 67 62 59 56 55 54 48 50 53 59 62 71 72 64 74 76 71 63 62 69 76 87 75 69 71 72 77 74 71 69 61 50 53 55 55 59 59 68 68 60 54 52 44 49 51
91 86 75 76 80 75 66 55 54 49 47 44 57 63 57 56 44 43 43 42 41 42 43 56 67 67 73 66 66 63 71 79 72 64 62 51 46 50 63 70 73 81 91 104 101 90 88 88 73 62 50 62 69 70 74 63 55 48 49 50 59 66 78 75 64 66 64 67 60 65 73 79 80 72 65 69 67 73 68 73 72 69 59 53 49 48 53 56 59 65 65 62 57 45 44 46
93 84 80 77 70 63 55 58 64 60 59 53 53 55 52 48 44 43 44 42 42 44 44 57 68 64 62 65 60 64 70 80 78 70 58 57 46 47 62 61 68 69 73 87 108 105 101 91 78 65 58 54 66 72 71 72 67 55 46 48 61 71 74 72 69 61 61 58 68 80 81 77 76 68 62 68 63 74 65 64 63 68 67 63 56 54 47 50 55 63 60 65 57 50 42 44
99 84 75 73 67 60 66 69 65 56 53 49 46 51 47 45 40 42 44 42 43 44 44 58 65 68 63 58 61 66 78 82 83 73 65 54 47 46 47 56 57 64 66 75 88 106 93 79 73 72 61 55 58 68 71 62 67 55 47 47 56 70 74 69 65 58 54 58 74 79 82 74 76 70 61 66 60 64 64 59 58 64 63 69 64 60 54 49 50 52 56 62 63 51 41 44
103 93 87 75 67 67 76 74 64 63 68 67 68 58 50 43 41 42 44 43 44 43 44 54 58 66 64 56 60 69 74 80 74 78 66 62 53 46 46 49 50 55 61 64 75 86 80 75 73 73 61 59 53 68 74 66 61 55 47 49 69 70 69 69 60 54 51 64 81 73 77 68 76 77 72 62 57 53 56 59 58 56 57 69 66 65 63 55 46 42 49 54 54 49 45 39
99 99 89 81 73 82 78 77 72 75 75 65 54 52 49 49 45 42 43 44 42 41 41 46 55 63 63 55 57 66 65 70 70 77 74 71 60 45 43 52 57 60 69 70 73 84 84 75 70 67 74 68 52 57 68 79 70 55 45 49 56 66 62 61 55 50 59 74 85 74 63 64 72 71 75 72 67 62 54 51 55 54 54 62 60 61 67 59 50 42 43 46 50 48 42 35
99 102 100 86 76 91 88 84 79 68 61 57 71 57 58 52 49 45 45 43 43 42 41 42 49 57 62 56 55 60 59 71 71 75 77 68 62 46 44 52 51 57 71 74 72 72 83 79 80 75 74 70 57 53 60 72 70 59 47 44 48 58 63 53 49 50 62 78 76 70 59 58 61 62 74 75 73 73 69 58 50 49 50 55 56 58 62 60 54 51 45 40 44 44 38 40
104 105 94 86 88 97 97 90 79 82 74 80 82 63 68 73 66 68 60 43 43 44 43 41 42 46 60 60 57 52 60 65 74 64 68 61 55 45 44 47 53 58 60 62 67 71 82 79 75 68 70 62 59 53 54 69 73 68 59 49 45 49 55 48 49 57 65 77 67 71 62 51 54 66 72 75 63 71 75 64 57 50 45 48 50 52 60 52 57 54 48 39 42 44 37 45
106 104 102 104 110 106 107 98 89 92 88 87 70 78 85 78 65 72 61 42 42 44 43 41 41 41 49 60 61 54 61 60 65 68 59 57 51 44 43 47 51 52 57 66 72 73 79 82 89 95 80 70 60 51 53 58 72 70 70 63 40 45 46 44 53 55 64 68 65 61 61 54 50 56 68 69 68 66 64 67 63 56 50 43 42 48 53 49 55 56 51 45 37 40 36 43
102 99 113 115 110 103 100 109 103 102 102 100 97 103 80 70 67 58 57 41 41 41 42 44 41 41 43 49 58 58 50 49 52 51 54 59 52 44 41 48 55 56 65 63 61 63 68 73 83 77 75 66 57 45 45 60 75 84 77 67 50 45 46 44 50 52 55 57 57 57 55 51 49 57 67 71 61 57 60 67 59 61 58 52 43 41 48 46 56 56 46 51 42 36 38 39
93 99 106 112 115 102 99 100 106 98 104 111 114 98 81 64 61 61 50 42 41 40 42 46 41 41 39 44 53 58 62 54 46 46 46 45 49 46 42 43 62 64 60 52 50 55 65 64 69 75 88 75 56 44 51 60 69 83 87 72 56 47 44 45 42 45 52 53 46 49 46 41 47 57 61 62 62 56 51 59 55 54 59 57 52 44 38 44 50 53 50 42 40 36 36 37
94 92 99 114 113 105 97 94 102 100 104 117 107 84 79 64 61 58 50 42 42 41 40 41 39 41 38 38 50 57 59 61 60 60 59 59 58 53 45 38 41 49 49 44 49 48 59 57 72 69 69 63 58 45 43 55 63 77 84 77 71 63 61 57 48 42 40 43 40 37 42 37 45 57 53 51 55 57 48 48 49 51 53 64 60 48 42 38 42 48 49 37 34 35 43 44
92 95 104 109 116 112 100 95 98 101 104 112 109 105 85 71 73 69 64 50 42 42 40 39 39 42 41 38 40 54 52 56 58 58 58 57 57 57 46 42 35 35 36 41 44 46 51 59 67 75 67 57 46 43 40 59 62 66 76 71 61 57 54 57 59 46 44 48 39 40 43 38 42 47 46 46 52 58 60 52 43 47 48 53 56 52 51 45 37 40 41 35 33 40 49 52
102 102 98 100 113 114 106 97 93 96 104 103 109 113 104 91 79 62 56 48 44 41 42 40 40 40 39 41 38 38 44 54 56 55 56 54 57 59 55 50 43 40 35 34 35 34 44 53 66 71 63 53 45 37 35 41 57 72 81 72 72 65 58 55 50 45 53 46 41 38 39 42 41 35 39 43 53 59 59 63 51 44 44 49 54 51 43 39 36 36 37 31 40 52 61 62
97 96 90 97 102 108 102 101 92 90 101 97 103 105 87 82 75 62 55 46 58 46 45 42 42 40 40 40 39 39 38 39 51 54 55 58 59 58 56 55 56 52 47 43 47 41 34 46 71 69 66 51 42 36 35 55 67 72 83 89 79 70 73 64 54 52 49 47 45 40 37 38 41 35 32 43 47 49 55 61 56 50 43 44 50 53 50 44 38 32 31 34 49 54 54 59
87 86 86 91 101 104 97 93 91 85 88 97 99 101 93 85 75 68 57 63 57 47 54 48 41 40 39 39 38 38 36 38 38 43 47 49 47 52 52 60 57 56 58 56 54 53 38 34 61 68 68 61 48 34 41 56 68 80 88 96 89 77 73 60 53 57 57 49 55 46 39 35 36 35 33 38 42 43 49 52 54 54 46 39 41 47 46 45 36 32 29 37 42 46 54 55
79 83 92 97 100 96 94 85 81 83 88 90 95 95 80 78 70 66 72 65 61 59 72 67 56 47 47 41 40 38 37 37 38 36 37 37 34 46 41 41 48 42 41 42 44 46 38 30 51 55 65 57 43 34 45 60 64 79 81 85 96 81 75 71 73 64 58 55 56 48 39 35 34 33 31 34 36 38 45 44 50 46 51 44 35 34 38 36 29 28 28 40 48 47 46 47
85 92 97 102 98 89 92 83 77 86 92 99 107 103 94 84 83 80 82 68 61 72 75 68 64 63 58 51 39 38 39 36 39 38 37 37 39 38 37 38 38 39 41 38 41 46 43 36 41 55 51 56 43 37 55 59 73 73 74 83 89 90 74 79 67 61 58 58 49 43 38 44 48 37 32 33 31 30 35 40 39 43 47 46 44 39 32 28 29 33 38 43 41 43 41 45
95 88 91 99 95 82 92 77 80 91 95 104 107 104 101 98 93 93 82 74 66 81 77 72 63 59 50 50 38 38 38 36 37 37 38 39 39 40 39 39 37 37 38 37 39 44 47 37 30 37 36 39 37 34 46 62 75 69 75 71 87 84 82 85 76 67 65 63 54 47 39 51 60 50 43 43 35 32 33 34 32 39 37 40 43 40 32 27 28 33 38 38 38 40 41 46
88 81 90 105 99 86 82 79 85 95 100 107 106 98 102 104 100 100 87 82 82 79 72 61 59 54 46 46 41 39 38 38 39 38 39 38 38 39 38 38 34 35 36 37 38 36 47 35 32 35 38 42 37 43 48 57 62 59 64 78 81 83 83 82 79 75 63 56 52 47 52 65 68 61 58 49 41 31 31 29 30 31 30 37 35 32 30 28 31 29 32 36 41 42 47 51
79 72 87 99 93 92 78 78 83 90 106 102 104 91 95 91 92 102 100 94 81 73 65 57 53 47 63 62 62 61 40 37 36 38 38 37 37 36 36 36 40 48 34 37 36 37 38 36 37 36 36 40 51 62 52 60 63 70 81 84 83 76 73 72 76 78 73 63 58 63 65 74 72 68 63 52 44 46 46 32 29 27 27 30 31 26 27 30 37 39 36 38 38 41 43 48
67 80 98 102 88 84 76 78 84 98 103 94 93 89 83 90 93 100 104 105 82 74 68 53 54 66 65 63 60 58 43 36 35 34 35 35 36 35 35 39 57 56 42 35 35 35 36 37 37 38 36 42 57 67 65 59 65 76 71 68 81 72 66 76 76 70 70 72 72 76 72 68 64 69 66 62 61 58 54 43 37 30 28 27 26 25 28 31 34 35 42 49 50 44 46 48
80 80 87 99 93 78 74 81 93 103 93 90 83 84 96 97 102 112 107 104 82 72 63 66 71 69 62 57 54 51 50 41 34 33 38 49 51 44 48 61 68 59 45 35 35 35 36 36 36 40 37 43 59 63 72 63 57 62 62 58 68 70 63 67 67 63 62 66 69 66 65 65 60 56 60 58 55 52 55 52 46 35 29 28 25 26 27 28 31 32 37 41 49 53 55 59
68 72 93 96 89 78 71 83 93 92 93 79 80 94 97 102 109 106 112 103 83 77 76 73 66 62 60 58 52 48 47 36 38 41 52 67 62 56 50 52 57 51 43 38 36 34 33 34 35 35 37 40 50 60 60 57 56 56 63 63 70 64 60 60 63 59 57 57 58 68 66 60 55 53 52 51 51 44 49 46 43 40 35 32 31 27 24 25 31 37 44 45 54 59 57 59
63 71 90 87 82 77 73 84 96 88 81 76 80 81 84 94 92 97 103 105 104 88 78 75 75 71 61 57 54 49 42 44 59 57 66 68 55 57 49 40 39 45 42 37 35 33 32 34 35 41 50 45 50 54 55 56 61 63 63 76 77 70 67 57 57 56 54 51 54 64 61 63 64 59 55 48 46 41 43 42 40 40 37 33 32 29 23 25 34 42 54 56 56 51 52 55
54 76 90 84 76 71 76 95 91 87 76 82 94 96 95 90 85 88 92 97 107 103 91 81 72 63 60 59 49 47 42 45 61 71 69 58 50 46 45 52 46 39 39 36 34 35 33 33 33 37 50 53 52 55 59 61 65 68 68 74 75 73 71 64 56 53 53 51 53 56 60 59 63 65 60 55 52 50 47 43 41 38 33 33 31 27 23 26 38 54 55 58 57 46 46 47
53 74 86 81 70 67 81 93 82 74 78 92 100 102 102 106 105 97 97 102 116 112 91 79 74 65 68 62 53 52 57 55 58 74 74 63 52 61 68 61 44 35 34 34 35 37 35 35 33 33 37 53 55 51 51 60 66 63 67 64 68 69 63 65 74 63 58 57 54 53 54 57 60 68 65 58 54 51 48 48 44 41 33 28 28 26 27 28 35 45 45 52 53 43 42 44
52 68 88 75 67 72 83 95 82 71 81 89 98 91 93 106 109 114 107 107 107 99 86 75 69 59 55 54 47 54 69 75 81 78 68 59 71 68 58 49 40 35 34 34 35 37 36 34 34 34 41 52 51 49 52 66 60 65 68 66 64 62 61 69 74 66 54 57 54 48 48 50 53 61 64 61 61 57 49 42 40 39 36 29 25 25 26 27 39 44 42 50 47 41 38 43
52 72 86 72 66 81 91 88 76 69 80 90 93 86 93 96 101 106 115 107 92 81 81 73 62 60 60 56 46 46 64 79 96 85 78 72 80 69 59 50 46 49 39 35 37 37 36 35 33 31 40 47 51 48 48 60 59 69 74 66 67 61 56 68 64 63 56 46 53 48 45 52 60 64 70 76 73 75 67 59 58 53 46 31 26 27 28 29 44 41 40 41 38 38 47 54
55 75 83 60 67 87 86 86 68 73 83 87 80 78 84 90 94 102 106 112 103 87 74 73 73 71 65 54 53 57 72 85 99 92 84 78 73 71 60 64 56 59 55 42 36 35 35 33 33 31 30 32 46 49 42 43 48 64 66 60 55 52 60 61 50 52 49 44 43 42 43 55 71 77 72 71 69 70 69 66 55 53 46 39 28 24 24 33 44 33 33 33 36 50 59 58
55 72 70 58 80 81 81 75 67 76 81 73 77 83 90 101 109 112 109 110 101 94 91 89 79 70 59 61 63 69 81 98 86 74 71 66 59 74 73 67 63 56 50 37 34 33 33 33 31 30 31 30 30 42 51 47 42 54 63 65 60 54 60 61 54 43 38 40 36 39 53 69 83 83 78 69 61 59 54 63 57 48 43 38 31 26 24 27 29 31 33 43 52 55 53 54
52 61 55 70 88 84 72 63 68 77 74 76 80 90 101 109 111 102 110 101 99 109 106 93 74 70 68 80 72 93 101 90 72 68 59 55 52 65 66 66 53 50 44 37 32 32 31 31 29 31 34 35 34 40 48 52 45 41 49 64 57 53 48 43 39 37 33 33 30 39 59 71 69 82 83 68 60 54 48 46 48 54 49 43 24 24 25 27 33 46 51 55 45 49 55 57
52 56 75 89 81 74 62 57 66 66 67 83 93 96 107 103 97 95 101 94 92 100 104 94 78 85 78 89 97 108 94 85 89 84 73 65 56 53 53 57 52 46 40 33 31 30 31 31 31 30 30 31 33 40 51 47 50 42 37 43 58 55 52 49 44 43 39 30 33 41 48 57 65 82 82 81 78 71 62 58 57 42 35 30 29 22 21 33 46 46 43 45 45 57 60 62
53 60 78 94 76 62 54 64 70 77 87 94 99 100 101 93 86 95 92 87 85 94 106 106 89 95 107 104 101 94 77 91 93 81 71 69 63 51 46 39 44 40 32 30 31 32 32 31 32 33 31 30 32 29 31 34 40 45 45 39 35 39 46 52 47 39 36 29 41 50 44 49 58 68 79 77 69 70 75 73 62 50 47 45 29 21 28 33 32 34 33 39 49 56 60 64
53 55 67 87 70 59 66 83 87 94 90 88 91 99 95 85 85 92 79 77 90 98 100 100 105 109 109 104 90 82 75 83 80 83 80 64 53 50 44 38 41 38 31 27 27 29 31 32 33 36 33 32 30 30 28 27 28 29 32 34 32 31 34 50 49 44 33 31 31 37 60 55 68 72 78 84 78 66 69 72 72 69 61 55 52 42 26 24 23 24 28 33 46 49 59 63
52 52 73 76 61 56 77 83 81 89 83 80 87 96 86 75 86 76 76 80 90 88 94 101 107 112 95 83 88 80 72 77 73 78 66 64 51 43 44 42 42 39 37 39 34 34 32 32 31 32 33 32 32 30 33 33 30 30 28 29 30 32 33 38 48 48 44 36 28 34 52 57 64 70 75 72 69 69 60 60 66 64 66 65 53 42 31 24 22 23 25 29 33 39 51 51
52 52 66 73 55 67 81 77 78 76 72 80 85 82 75 72 72 70 81 90 94 99 105 109 123 122 97 96 81 72 68 61 64 69 71 62 58 50 44 43 43 46 57 55 53 54 33 33 31 33 31 29 30 31 30 33 32 30 32 29 29 28 30 38 53 44 39 34 27 38 48 58 70 78 74 70 66 64 64 57 51 51 59 59 53 47 46 24 21 21 23 26 28 32 41 51
52 52 58 64 53 72 75 67 73 68 76 70 74 69 66 70 77 89 89 82 87 100 118 125 123 121 114 98 88 78 66 55 56 54 56 55 48 49 45 48 49 62 94 76 64 80 52 31 28 32 32 31 31 31 32 30 32 28 28 28 28 28 29 31 35 37 31 28 34 49 56 66 70 75 78 76 78 77 67 64 59 50 48 58 59 56 50 36 24 21 20 21 23 28 37 52
53 52 52 52 58 65 59 62 64 57 57 58 63 70 73 75 80 84 93 100 102 116 128 122 112 120 107 95 88 88 82 72 65 58 48 48 50 51 49 59 70 91 94 78 74 75 73 48 41 34 31 30 32 33 31 33 29 28 28 28 30 29 28 28 31 29 30 34 51 56 58 60 58 69 69 69 71 76 69 66 58 51 43 42 49 42 35 30 25 21 19 16 19 25 32 41
60 54 52 52 56 53 57 55 60 61 73 70 82 83 88 90 93 105 112 119 120 118 110 117 107 110 112 106 91 79 73 71 63 61 62 56 47 54 54 70 84 94 94 99 101 94 69 72 55 58 34 31 32 30 32 32 32 28 29 30 32 32 29 30 30 31 29 38 46 48 48 60 52 61 59 60 65 71 71 73 61 64 51 46 40 42 47 48 31 22 19 15 23 22 31 32
56 53 52 52 56 60 65 73 80 85 90 87 83 79 86 92 100 113 122 112 108 101 104 108 98 102 106 99 87 75 70 64 62 63 60 58 63 58 53 78 97 85 100 111 104 106 80 71 63 69 56 47 35 35 32 31 32 30 33 38 46 48 43 43 39 29 29 29 32 39 34 37 41 48 52 55 60 63 67 72 75 59 59 58 59 62 53 36 43 41 18 17 17 23 23 25
76 74 52 52 52 69 75 80 84 88 78 84 73 86 94 88 96 109 114 106 107 92 98 96 95 104 100 91 86 85 80 77 67 78 69 86 79 67 54 58 83 76 88 101 96 106 91 73 63 54 50 44 43 52 41 42 39 42 49 42 48 44 39 41 42 31 29 29 31 28 29 36 55 61 64 64 66 64 64 67 73 69 67 58 59 52 47 50 48 37 29 24 18 17 17 20
68 76 58 52 52 56 69 80 75 80 72 78 63 74 76 88 103 110 102 99 101 93 89 87 96 94 92 104 111 111 102 91 76 99 87 99 89 80 74 61 60 63 78 83 92 100 100 86 68 63 52 45 55 53 44 49 51 52 61 57 54 45 37 33 31 28 28 28 27 28 31 49 55 61 61 55 57 61 60 61 65 68 67 64 65 60 58 61 58 46 37 32 18 16 13 13
73 62 52 52 52 52 66 79 77 70 71 72 68 79 85 100 102 107 96 91 94 98 82 84 86 86 100 112 118 111 109 105 100 106 110 104 101 97 89 79 68 67 70 85 88 97 103 89 71 63 55 55 67 57 54 58 66 70 68 59 48 40 39 33 34 29 28 29 27 28 31 43 40 50 58 51 46 56 58 62 57 62 64 67 73 71 63 61 61 50 50 36 21 21 13 11
78 69 60 53 52 54 69 83 77 65 61 67 75 78 91 101 94 95 96 82 90 91 78 80 82 96 100 98 110 104 100 96 92 96 96 86 84 88 97 96 87 78 66 76 88 85 97 95 75 60 49 64 76 77 85 77 76 76 67 61 55 57 47 39 35 27 29 29 29 26 26 29 31 37 46 47 45 52 57 56 54 57 57 60 69 69 62 60 60 59 53 36 27 27 20 20
60 58 63 55 52 53 54 68 61 54 70 78 82 90 104 105 89 87 92 80 77 81 75 73 84 91 88 97 105 107 104 103 100 96 92 91 86 77 74 85 79 72 73 68 78 81 92 92 88 77 63 63 74 93 94 88 87 74 62 59 61 54 53 49 44 31 26 27 28 26 25 27 29 28 30 29 40 48 53 53 50 49 54 57 60 61 60 54 55 55 45 33 29 31 29 30
68 66 87 82 74 68 52 52 53 61 79 73 87 98 99 91 94 79 84 83 72 73 76 88 108 110 97 109 119 116 117 111 101 102 97 92 86 91 86 78 80 81 81 84 84 84 83 88 97 92 78 64 73 75 86 87 82 68 62 55 44 41 40 44 40 33 28 27 26 26 25 26 29 32 29 26 31 37 40 45 48 50 44 47 52 53 48 45 42 36 33 29 29 30 24 28
74 86 86 80 74 61 54 52 52 52 62 78 81 92 100 87 83 86 74 79 72 76 96 111 122 111 105 112 117 125 116 108 105 99 98 94 95 113 109 102 97 91 96 97 101 89 81 85 89 94 89 77 71 72 83 82 78 65 58 49 44 33 32 34 30 28 27 28 27 26 25 24 26 27 26 26 25 29 34 34 43 52 49 44 41 46 43 37 34 32 30 33 32 28 20 22
