Biloxi.txt
ncols        492
nrows        531
xllcorner    -93.791666666667
yllcorner    26.258333333333
cellsize     0.016666666667
[rows 112 to 167 of 531, columns 96 to 191 of 492]
32 33 33 32 33 32 33 31 29 28 38 41 50 54 53 56 58 64 61 59 57 57 57 56 57 53 57 55 55 57 57 57 58 59 55 38 36 38 39 39 39 39 37 36 35 35 35 35 36 36 35 36 36 38 36 35 35 34 35 35 35 36 37 37 31 32 41 35 35 34 33 33 32 33 32 36 38 35 35 35 34 34 33 33 33 33 32 34 34 33 32 30 32 32 32 30
34 33 32 32 31 33 33 30 30 36 49 49 51 53 59 61 59 61 58 60 57 57 60 61 58 54 53 53 57 56 57 60 58 58 52 37 37 38 40 38 37 36 36 36 35 35 35 35 35 35 34 34 35 36 36 38 35 34 34 35 36 35 36 37 38 31 39 35 34 33 33 33 32 30 31 31 32 33 34 36 34 31 30 33 32 32 32 32 32 32 31 29 30 32 31 32
33 33 30 29 30 29 32 28 34 42 48 51 49 48 53 54 54 55 56 60 57 53 59 61 58 55 51 50 51 57 59 58 59 58 50 39 38 40 38 37 35 34 33 34 35 35 34 36 35 35 35 34 35 36 39 41 38 34 33 34 35 34 35 36 36 34 33 35 34 33 35 33 33 32 33 33 31 32 33 34 34 32 31 32 31 31 30 30 31 32 31 30 30 30 31 32
31 31 27 26 25 28 29 28 33 38 42 44 43 42 46 49 53 60 60 60 59 55 57 59 58 54 49 49 53 58 60 57 58 58 48 37 38 40 38 37 35 34 33 34 34 35 35 33 34 34 35 33 34 37 39 40 37 34 34 34 34 34 34 35 36 36 30 38 34 33 33 34 33 33 32 37 32 32 33 35 36 34 32 30 31 30 30 30 29 30 32 28 29 29 29 30
28 31 29 27 24 30 29 29 31 35 37 41 43 45 49 54 56 55 55 56 57 54 55 59 56 52 48 50 55 58 58 57 57 57 36 36 38 39 40 37 35 34 34 33 34 35 34 34 34 34 35 35 36 37 38 40 38 35 34 34 34 35 35 37 40 38 30 35 32 33 33 34 33 32 34 39 36 32 31 33 36 34 32 31 30 30 31 30 30 30 32 29 29 28 28 31
34 29 29 29 26 28 31 33 36 38 41 48 49 49 49 52 58 54 53 53 57 50 51 55 53 50 49 48 55 53 57 57 55 52 35 36 39 38 38 37 35 34 34 33 34 35 34 34 34 34 34 35 36 37 38 43 38 35 35 35 34 34 36 40 39 33 29 34 32 36 34 34 32 31 33 39 37 32 30 33 34 33 32 31 30 31 30 31 35 31 32 31 29 29 32 31
32 29 25 23 25 24 28 30 34 41 44 48 48 51 56 58 56 53 52 54 55 49 52 57 50 45 47 51 53 54 54 55 53 51 35 36 38 36 36 36 36 35 34 33 33 34 34 33 34 34 34 35 37 37 38 43 38 34 35 37 40 42 35 32 33 29 32 34 34 33 32 34 34 32 32 34 32 34 34 33 33 32 31 32 30 31 30 34 32 32 32 32 29 29 32 31
36 31 22 24 24 22 24 32 39 37 39 42 50 54 54 56 53 53 51 53 52 47 50 55 54 47 47 51 53 53 51 51 48 37 34 36 39 37 37 35 35 36 34 34 34 34 33 33 32 34 35 39 40 40 38 42 35 34 35 37 43 41 31 31 31 33 34 33 33 33 33 34 36 35 33 32 32 34 34 34 33 35 31 31 31 32 31 31 32 32 32 32 29 29 33 30
39 26 22 24 22 26 29 30 34 37 44 48 47 47 50 57 55 55 48 53 53 47 45 50 48 45 47 53 52 51 53 43 38 33 35 34 36 36 36 35 34 34 34 34 34 32 32 32 32 36 39 42 39 41 41 41 34 34 35 34 37 34 32 35 35 35 33 30 31 33 33 34 36 37 33 31 32 35 33 34 34 33 31 30 31 31 31 30 31 32 33 38 29 28 31 29
36 24 22 23 22 28 32 32 33 37 41 42 42 45 49 54 53 52 50 48 51 48 45 46 46 46 50 50 51 49 40 41 36 34 36 35 36 35 34 34 33 33 35 33 34 32 31 31 32 37 39 38 39 40 43 36 33 34 33 35 37 30 36 36 35 36 34 34 31 32 33 34 35 36 32 31 32 35 35 34 33 35 32 32 32 32 31 30 31 31 30 40 29 30 32 30
32 33 25 23 23 29 32 32 30 30 37 40 41 45 49 53 53 52 48 45 45 45 46 44 46 46 50 49 48 48 39 41 37 37 36 37 37 36 34 34 33 34 35 34 32 32 31 32 35 38 38 37 40 44 43 33 34 34 34 35 36 33 37 40 35 35 37 37 30 33 34 36 37 32 31 32 34 33 34 33 34 33 32 32 32 32 31 31 31 31 30 35 33 33 34 32
33 33 34 29 27 30 27 29 29 30 32 38 39 43 44 53 54 51 52 50 48 47 45 44 44 43 47 50 48 50 42 40 37 36 38 37 37 36 33 33 32 34 34 34 32 31 32 32 37 37 38 38 40 43 41 33 34 34 34 33 32 32 34 39 37 35 34 34 32 30 32 34 33 31 31 30 33 32 32 32 33 34 33 31 31 31 31 31 32 31 30 32 31 32 34 33
39 31 32 30 31 30 27 26 28 31 31 39 38 40 45 54 54 54 53 52 50 47 42 42 44 51 49 51 50 53 45 38 36 37 38 35 34 34 33 36 34 36 34 32 31 31 32 36 35 34 39 40 39 42 39 34 35 33 33 34 34 32 29 40 36 34 34 33 33 29 32 32 31 31 31 30 31 31 32 32 33 34 33 31 30 30 31 31 31 31 31 27 29 31 32 33
44 32 30 33 31 29 30 27 27 29 31 38 33 38 43 46 45 54 55 53 49 45 41 42 45 50 50 51 53 53 41 37 35 36 36 36 33 33 32 33 33 32 32 32 31 32 31 35 35 35 38 37 37 41 39 33 33 32 33 36 43 33 32 37 34 34 34 34 32 31 32 32 32 32 32 31 31 30 32 33 33 33 32 31 30 30 31 32 32 32 30 29 31 31 31 31
39 38 31 30 34 25 26 27 26 26 29 38 35 36 40 42 49 50 54 56 52 48 39 39 45 44 47 54 58 47 35 34 36 36 35 34 33 32 32 31 31 31 30 30 31 32 33 35 36 37 38 37 39 39 39 33 32 33 33 33 39 33 35 35 34 34 34 33 32 32 31 32 33 32 32 31 31 29 31 32 33 32 32 31 31 32 32 31 30 30 31 30 30 30 30 30
34 35 33 29 28 27 27 27 25 25 28 33 32 34 44 45 47 46 51 53 54 45 38 38 46 50 51 52 52 41 37 36 38 35 34 33 32 34 36 31 32 31 31 30 31 33 35 35 36 38 37 37 39 40 33 31 31 33 30 35 39 37 33 39 35 36 33 33 34 32 31 33 34 32 31 31 32 29 31 31 32 33 32 31 31 33 31 31 32 31 31 30 30 30 30 31
35 33 29 27 26 25 27 26 23 25 26 27 28 35 37 40 47 47 49 50 49 41 36 40 48 48 50 47 42 37 36 38 38 33 33 32 32 33 31 31 31 31 30 30 31 33 34 36 34 35 37 38 40 35 31 31 31 33 33 35 45 41 28 28 35 38 35 35 34 32 32 32 31 31 31 34 32 31 31 32 32 33 31 30 30 32 31 30 34 30 30 30 31 30 31 33
42 36 30 27 25 26 25 18 18 21 25 27 29 37 40 42 50 44 46 48 48 39 37 42 45 48 49 39 34 35 36 35 33 32 31 32 31 31 31 31 30 30 31 30 32 33 35 35 34 36 37 37 37 33 31 31 31 32 34 37 38 38 37 36 34 31 31 37 33 32 31 31 31 31 29 30 30 32 32 32 32 31 30 29 31 31 31 34 30 30 29 30 31 31 32 32
49 44 39 31 27 25 25 19 18 19 25 32 33 40 41 39 43 40 42 50 48 40 38 36 34 42 42 34 34 34 36 35 33 32 31 31 31 30 31 31 31 31 33 32 33 33 34 35 35 36 36 36 35 31 30 31 31 32 34 43 42 40 40 34 32 35 30 32 34 33 32 31 31 31 30 29 30 31 32 31 31 30 28 29 30 30 33 43 39 38 38 39 35 31 31 33
42 39 37 33 28 25 24 19 19 19 29 33 32 37 37 37 40 37 41 49 48 38 33 38 35 35 32 33 32 33 35 34 34 31 30 30 31 32 32 31 30 30 32 33 34 32 35 35 36 36 37 37 32 30 29 30 31 33 33 38 42 43 41 33 32 32 34 31 33 32 33 32 31 30 30 29 31 30 32 31 31 29 29 30 30 30 34 40 43 43 42 38 36 33 34 34
42 42 43 38 29 24 24 21 20 21 29 33 32 35 35 34 34 33 38 42 38 33 38 41 35 32 32 31 32 33 35 35 32 31 31 31 31 31 31 31 30 31 32 33 33 32 32 36 39 36 36 32 30 30 30 31 31 32 32 33 34 36 34 32 32 33 33 31 33 33 36 33 32 31 30 30 31 30 33 31 30 30 32 29 30 34 37 41 42 43 39 32 33 33 33 33
51 48 44 43 34 31 24 22 22 23 28 32 30 32 36 34 34 29 31 32 31 34 43 48 37 32 32 32 32 34 36 34 32 30 30 31 30 30 30 31 31 33 33 34 34 34 35 36 37 38 37 30 30 30 30 30 30 32 32 31 32 32 32 32 32 40 31 33 33 32 35 33 33 34 30 31 34 31 32 31 28 30 33 33 37 36 36 38 40 31 32 32 32 31 36 33
51 47 41 41 36 32 27 22 23 23 25 28 30 28 32 32 33 33 34 39 38 37 41 43 33 32 31 31 33 35 34 32 31 31 30 30 30 30 30 31 32 33 33 33 35 36 35 36 40 39 36 31 30 29 35 33 30 31 32 32 31 32 32 32 36 30 31 32 32 32 32 32 32 31 30 29 29 31 32 30 29 29 30 36 38 37 38 41 35 32 32 31 32 34 36 33
54 47 41 35 36 33 30 26 23 22 25 29 29 30 35 33 35 37 42 48 48 44 46 42 31 30 31 33 33 34 32 30 30 30 31 30 30 32 31 31 32 33 33 34 34 34 35 36 37 36 34 30 35 36 35 31 30 31 31 33 34 33 37 35 27 30 34 33 32 31 32 33 31 32 30 30 30 31 30 32 35 30 31 34 35 35 34 32 30 31 30 30 33 41 43 36
55 50 44 41 44 40 33 28 22 22 28 30 29 31 36 32 35 39 42 47 54 47 48 32 30 30 31 32 33 34 33 29 30 30 30 29 30 31 31 32 32 31 32 34 34 35 36 36 36 35 31 32 34 37 30 29 31 30 31 35 34 36 36 29 32 34 34 36 36 35 35 31 31 31 30 31 32 30 30 38 34 33 37 37 37 31 28 29 30 31 30 30 31 33 31 33
56 54 49 45 43 40 32 28 24 28 30 30 28 31 32 30 34 44 41 49 53 55 41 34 31 31 32 31 33 33 31 30 31 30 30 29 30 31 32 32 32 31 32 32 35 35 35 36 36 30 28 28 31 30 28 29 31 31 31 32 33 36 31 31 37 38 37 37 35 36 36 31 34 34 30 31 32 30 31 37 38 37 41 38 38 30 30 31 31 31 30 30 33 40 32 31
54 54 55 45 42 33 31 28 28 29 31 29 29 29 30 32 39 43 44 44 48 48 32 31 31 30 31 31 32 33 31 31 32 29 29 29 30 30 31 32 32 32 31 31 34 36 36 34 34 28 28 28 29 29 29 29 30 31 30 31 34 35 27 33 35 33 34 33 32 32 34 31 31 31 31 32 33 34 29 35 33 38 37 36 30 35 35 30 34 30 28 27 30 39 38 39
51 44 52 45 44 36 35 26 27 29 32 29 27 29 31 39 46 49 51 47 43 36 31 32 31 30 30 32 33 32 31 29 29 29 29 30 30 30 30 30 31 32 32 33 34 35 36 35 34 27 29 28 29 28 29 30 30 30 30 30 31 33 28 38 33 32 32 32 32 32 36 30 31 32 31 31 30 28 28 29 29 35 36 35 34 35 37 40 30 30 29 27 27 33 40 38
44 44 49 46 40 40 38 28 25 29 28 30 29 32 33 38 42 49 53 52 47 31 29 31 31 32 31 32 32 32 31 29 29 29 30 30 30 30 30 30 30 30 33 32 31 35 36 33 30 26 29 28 29 29 29 29 29 30 29 30 32 33 27 40 37 34 33 33 32 31 37 34 33 33 32 31 30 28 29 32 28 28 35 35 34 36 38 36 29 34 30 27 29 33 40 37
39 46 46 42 41 39 32 27 27 28 28 28 32 31 39 43 49 53 53 54 41 30 29 29 30 30 31 34 33 32 30 29 29 29 29 30 29 30 30 30 31 30 31 30 32 36 35 30 26 27 29 28 28 29 28 27 29 29 28 30 31 32 26 29 36 36 38 36 34 33 32 30 32 31 32 32 29 28 28 29 28 27 36 36 35 37 33 30 35 34 28 27 29 31 33 38
36 38 43 44 38 37 36 31 27 29 28 28 31 33 38 41 49 51 51 46 30 28 28 28 31 33 32 32 32 33 30 29 29 29 29 29 29 29 30 30 30 30 29 31 33 34 34 29 26 28 28 28 29 29 29 29 30 29 30 30 30 32 31 28 29 31 31 27 33 32 30 30 31 34 33 31 29 28 28 28 27 28 35 36 38 37 34 29 27 27 27 28 29 29 30 30
28 28 29 38 45 43 35 28 29 30 29 28 27 31 37 46 48 48 52 36 27 27 27 28 30 32 34 32 33 33 33 30 29 30 29 29 29 30 30 30 30 30 32 33 33 33 34 30 28 29 28 29 29 28 28 32 32 31 29 29 30 31 32 32 36 39 41 31 29 31 30 33 33 33 33 34 31 28 28 28 28 30 37 37 38 36 34 31 36 27 28 29 31 30 34 33
35 30 25 30 41 35 28 27 30 29 28 29 31 31 36 42 44 50 42 29 27 26 26 28 29 28 31 31 32 34 30 30 29 30 30 29 30 30 30 31 30 32 34 34 34 35 33 29 28 28 28 28 28 28 27 28 29 29 29 30 31 32 33 33 35 37 37 29 33 32 33 33 32 32 34 33 31 30 28 28 27 27 34 36 37 36 34 33 33 32 32 29 37 30 30 30
49 37 29 27 29 28 28 26 27 28 29 30 34 30 33 39 43 34 26 27 25 25 28 28 28 28 30 31 30 34 31 29 29 29 29 29 29 29 29 30 32 32 33 34 34 34 34 29 27 27 28 29 29 28 27 27 28 28 30 30 33 34 33 33 34 34 30 32 33 32 37 33 33 32 35 37 34 34 33 31 30 37 39 38 38 37 35 33 34 29 38 30 28 29 29 29
43 31 30 26 28 27 25 28 26 30 33 34 34 35 35 36 34 27 26 25 24 25 26 28 28 28 28 37 37 30 31 29 28 29 29 28 29 29 30 31 32 31 32 34 34 35 34 29 26 27 27 28 28 27 27 27 27 28 29 30 32 28 23 24 26 33 34 34 33 33 34 32 31 30 30 33 34 35 36 33 32 38 36 37 37 41 39 34 29 28 34 29 29 29 31 32
39 33 31 25 34 25 25 26 27 30 33 36 34 35 36 39 22 24 24 24 25 24 31 26 27 28 30 31 32 33 30 29 29 29 29 28 29 28 29 31 30 31 32 33 33 33 33 30 26 27 28 27 27 26 26 27 27 28 28 29 30 28 25 27 35 36 34 34 35 31 31 33 30 30 30 32 32 32 30 31 31 30 32 38 41 40 36 35 28 28 28 28 28 29 29 29
39 32 31 26 27 27 29 26 27 32 37 38 34 33 36 39 23 25 24 24 24 28 26 26 28 30 29 28 29 31 31 31 32 29 28 29 29 30 29 30 30 31 33 36 34 35 36 30 28 30 27 27 26 26 26 27 27 27 27 28 29 29 25 33 42 36 37 36 34 34 33 33 29 30 30 31 33 28 29 31 30 31 35 40 41 38 37 35 36 33 27 26 27 28 30 31
31 29 31 29 27 28 30 27 27 31 36 36 33 37 42 41 23 24 23 28 30 24 25 26 29 29 27 30 28 31 31 32 28 29 28 29 28 28 29 31 31 30 33 34 32 33 31 29 28 28 27 28 27 25 26 26 26 27 28 28 30 30 25 37 41 36 34 34 37 37 34 33 32 31 28 29 32 30 29 30 30 30 39 39 42 37 39 35 32 29 27 26 27 28 31 32
24 26 28 28 29 24 26 28 25 27 33 36 36 36 33 22 22 22 23 31 27 23 26 25 27 28 27 31 32 29 29 29 28 29 29 28 29 28 29 30 30 31 33 34 33 31 29 28 27 28 27 27 26 25 25 26 26 27 27 28 29 31 28 28 36 35 36 37 36 28 30 33 36 32 29 31 35 32 30 30 31 33 36 36 37 34 36 36 31 26 26 26 27 28 32 57
27 27 26 26 27 26 29 29 25 30 36 35 36 33 21 22 26 27 21 22 22 23 25 24 26 26 27 30 29 30 29 29 28 28 28 28 28 28 29 29 30 31 31 32 31 27 26 27 27 28 26 25 26 25 25 25 27 27 27 28 28 28 30 27 27 36 37 37 34 30 37 34 35 33 30 31 34 30 28 32 30 30 29 32 33 33 38 35 28 28 28 34 38 50 78 92
39 36 31 27 27 28 29 27 26 29 35 34 35 28 22 26 28 30 23 21 21 23 28 26 28 26 26 26 27 29 30 30 28 27 28 30 29 29 28 28 30 31 31 32 28 27 26 26 27 28 25 24 25 25 25 26 27 27 27 28 28 28 28 29 29 30 31 27 31 34 37 36 35 33 36 34 27 27 27 28 29 31 34 29 29 30 31 30 44 86 95 99 81 92 97 103
46 42 38 27 27 28 26 27 24 26 29 33 30 29 22 28 28 28 24 25 26 25 25 24 28 28 26 27 27 28 29 28 28 27 28 30 33 30 29 30 30 31 30 26 26 27 26 26 27 27 25 24 25 25 25 26 26 26 27 28 28 28 28 30 33 24 33 35 31 32 34 37 34 34 37 32 29 27 27 29 30 30 31 28 27 28 32 48 71 81 91 101 104 108 105 100
47 41 33 26 28 28 27 28 28 28 31 27 27 25 23 27 29 25 26 25 26 22 22 24 24 25 28 31 31 28 28 28 28 27 27 27 31 27 28 28 30 30 26 30 36 31 26 30 30 29 26 30 32 26 26 27 26 26 26 27 28 28 28 31 32 26 35 34 29 32 31 31 33 36 35 33 34 28 31 33 33 32 30 29 29 44 51 87 99 98 101 113 112 106 100 94
48 38 30 27 27 25 25 26 26 25 27 24 23 25 23 27 28 25 22 23 24 24 24 25 26 26 27 30 29 28 29 28 27 27 28 27 29 28 30 30 30 28 26 27 26 27 27 29 34 31 27 32 37 26 27 27 27 27 26 27 30 29 28 32 29 30 35 29 29 28 26 28 31 32 32 34 34 36 35 30 31 30 30 29 63 98 67 72 79 94 105 105 109 97 92 93
42 33 28 26 27 26 24 24 23 24 25 23 21 22 23 26 27 22 22 23 24 25 27 27 28 27 29 28 28 27 27 30 26 27 28 28 28 29 30 31 32 27 26 25 24 25 25 26 27 26 26 29 31 27 28 27 27 27 27 27 27 28 27 32 27 37 34 30 26 29 28 23 28 30 33 32 34 34 35 34 30 30 29 47 95 91 76 86 95 100 100 91 98 86 88 71
37 33 28 26 27 28 25 27 26 24 21 22 25 26 27 25 23 22 22 24 24 24 27 27 26 26 27 28 29 28 29 28 26 27 28 30 28 29 31 33 32 30 27 23 24 25 26 30 29 26 26 26 27 26 27 27 27 27 26 26 27 27 27 28 25 33 37 33 30 27 26 25 29 30 32 31 34 32 32 34 32 31 29 52 71 91 88 87 98 111 103 86 82 83 86 51
28 30 27 26 28 27 25 26 24 23 22 26 29 28 28 22 21 20 21 24 24 25 27 28 27 27 27 26 25 26 27 27 27 26 29 26 29 29 30 33 33 32 29 23 24 25 26 32 34 36 31 32 29 27 27 28 27 26 26 27 26 26 27 27 28 26 36 40 34 32 29 29 32 34 34 36 36 34 32 32 31 30 41 77 73 89 98 98 106 101 97 91 83 76 67 51
27 26 25 25 26 25 25 26 24 22 26 29 27 25 26 22 20 21 24 24 25 25 26 27 26 26 26 26 26 25 27 26 26 26 26 26 28 30 33 31 31 32 31 24 25 27 26 26 26 27 26 29 27 27 27 27 27 26 26 26 26 26 27 27 28 28 27 29 35 34 33 31 31 35 32 30 33 30 31 30 33 32 61 99 94 91 102 105 107 99 84 84 83 68 77 51
29 27 26 25 25 24 23 25 25 24 26 27 26 23 23 19 20 21 21 23 24 26 27 26 25 25 24 24 26 26 26 26 26 25 26 30 31 31 31 32 32 31 27 24 26 26 26 26 26 27 27 27 27 26 26 26 27 26 26 26 26 26 26 28 28 27 30 30 26 24 26 30 29 30 32 38 29 29 33 30 32 32 73 99 102 97 90 93 106 99 93 90 76 61 63 44
33 30 26 24 25 24 25 29 25 25 21 20 22 19 19 22 22 21 22 24 26 27 24 24 25 24 25 25 26 26 26 26 27 28 31 32 33 31 28 30 33 29 25 24 27 27 25 24 32 27 26 26 26 26 26 26 26 25 26 27 28 26 26 27 28 28 28 29 29 29 27 22 31 31 36 34 29 35 35 29 34 60 64 75 98 98 84 94 97 97 83 85 81 63 44 61
33 30 27 25 23 23 24 25 27 23 20 19 17 22 19 23 22 23 23 24 25 25 25 25 24 24 24 25 25 24 25 26 27 30 34 34 33 34 30 31 32 29 27 25 26 26 26 24 27 26 26 26 26 26 26 25 26 26 26 28 29 27 27 26 28 28 27 28 29 28 31 24 31 29 30 29 32 37 34 29 66 95 81 83 83 82 81 86 93 90 84 72 68 68 45 65
38 32 27 26 23 22 23 24 25 20 18 19 19 20 19 23 23 24 24 24 25 23 23 24 24 23 24 24 26 25 25 26 30 34 32 32 33 29 29 32 30 28 28 26 26 27 26 29 34 37 34 26 25 25 24 25 25 25 26 28 27 28 30 29 28 27 27 28 29 28 29 25 36 37 39 40 30 28 27 46 93 102 95 99 91 78 73 76 78 78 76 61 56 51 54 69
40 36 27 28 23 22 22 26 23 19 18 18 19 20 19 21 24 25 25 25 24 24 24 23 24 23 24 24 25 24 24 27 34 35 37 38 31 28 31 31 28 28 29 26 28 30 34 37 39 35 33 25 27 34 28 24 25 25 26 26 25 27 28 29 28 28 27 29 31 28 29 26 34 38 41 39 35 27 29 76 95 108 105 105 93 83 72 60 62 69 63 51 49 46 64 75
40 35 28 30 25 23 24 24 22 22 22 18 20 19 21 22 23 24 24 25 24 24 25 24 24 23 24 24 25 25 25 30 35 33 37 37 28 29 33 31 27 26 29 28 26 25 34 37 35 34 37 37 32 30 27 24 26 25 26 27 25 28 30 27 28 28 28 29 28 27 27 26 26 26 27 29 31 24 48 81 91 86 88 104 98 93 87 77 59 45 42 44 47 45 64 79
48 35 35 31 24 22 22 28 27 27 26 18 22 26 26 25 27 23 23 24 23 24 24 23 23 22 23 24 22 24 30 34 37 39 33 28 29 30 31 30 27 24 28 25 23 25 31 34 36 35 38 34 30 29 24 24 24 25 25 26 27 27 26 27 27 28 28 28 30 28 27 27 28 28 26 26 28 26 67 76 77 80 76 97 103 93 84 78 59 42 38 42 44 56 68 75
46 35 33 30 23 23 22 27 26 20 21 25 29 27 24 22 24 22 21 22 23 24 24 22 24 24 23 23 22 26 30 33 35 30 29 30 29 29 28 29 28 24 24 25 23 24 27 28 31 29 29 35 36 34 28 26 25 25 24 25 26 27 26 27 27 27 28 27 28 28 26 26 27 27 28 29 33 40 67 64 70 66 77 86 92 86 75 59 44 39 40 42 67 73 77 65
