Biloxi.txt
ncols        492
nrows        531
xllcorner    -93.791666666667
yllcorner    26.258333333333
cellsize     0.016666666667
[rows 56 to 111 of 531, columns 384 to 479 of 492]
238 217 205 187 183 213 215 225 201 207 210 214 235 211 222 246 265 262 268 265 245 237 268 279 255 267 278 267 257 255 238 241 241 234 220 224 222 220 233 240 231 227 227 251 255 259 249 239 231 225 236 258 263 288 271 241 282 276 253 239 242 261 271 281 280 278 276 282 289 289 298 312 330 339 339 333 326 316 319 321 325 308 225 233 200 256 255 269 300 260 248 263 328 341 230 183
230 230 226 204 172 190 203 222 213 228 214 212 235 212 229 236 258 256 257 254 220 239 247 257 245 237 243 265 239 228 227 227 226 221 222 232 220 206 230 229 229 218 219 237 242 238 230 234 221 233 249 276 291 290 245 261 265 255 240 236 253 260 258 260 267 271 272 281 289 316 342 347 359 330 336 340 321 323 325 324 304 255 226 204 242 256 276 281 254 246 266 364 247 195 179 170
221 224 220 219 192 180 199 219 238 205 195 229 214 217 242 249 239 250 242 243 207 215 233 247 246 226 246 248 218 200 203 210 221 230 225 224 212 198 212 214 216 202 229 232 226 219 220 214 225 242 255 253 301 270 262 287 255 234 229 240 241 244 249 261 264 267 275 303 340 371 323 304 303 309 311 334 326 326 310 287 236 238 206 227 251 297 290 255 246 272 385 269 178 177 175 170
216 201 199 201 201 175 200 208 223 191 209 239 202 225 239 230 236 245 217 192 200 235 251 245 223 222 218 215 198 186 218 213 230 228 212 211 210 206 188 199 193 202 214 214 206 200 203 214 236 252 254 288 280 261 272 261 244 229 234 240 238 242 250 260 271 295 321 351 316 296 293 278 290 331 334 319 335 322 270 215 238 211 229 246 254 284 247 250 301 344 240 179 165 168 165 164
238 226 207 180 179 182 180 189 206 179 219 223 205 205 234 207 240 238 193 211 234 236 234 232 203 187 180 178 179 190 193 197 211 231 226 212 203 196 187 192 182 184 196 204 196 213 229 240 234 238 283 285 253 268 253 238 225 226 232 236 237 246 256 278 312 313 323 275 271 268 283 298 298 332 320 302 295 293 237 220 196 235 238 253 275 247 254 318 283 208 189 170 168 171 168 169
218 229 205 189 206 208 189 170 178 193 231 229 214 182 216 196 212 183 212 237 219 211 206 205 175 170 175 214 222 203 204 203 225 246 254 221 194 191 180 177 182 180 185 185 196 225 230 221 242 270 264 250 261 243 229 223 237 237 232 252 248 266 294 322 346 279 263 259 274 295 319 304 313 330 287 272 268 230 226 200 234 244 237 265 243 246 300 261 211 171 172 172 166 172 177 170
215 232 219 228 222 228 195 178 183 219 219 212 222 197 181 177 185 224 235 211 181 203 172 198 177 172 226 219 207 198 197 209 242 248 237 205 179 173 180 188 184 172 177 186 217 222 259 281 252 239 256 257 237 222 227 233 259 257 261 265 275 304 296 297 293 265 260 278 298 330 316 321 311 289 276 211 193 232 213 204 256 207 273 236 246 265 242 201 173 164 165 173 175 164 177 165
203 221 228 227 214 209 199 168 188 207 208 196 209 217 186 182 215 215 217 193 185 179 167 188 187 194 189 195 187 187 184 195 215 227 234 180 172 173 172 166 167 167 186 214 201 240 293 283 241 249 231 226 216 216 210 220 244 244 263 296 331 295 267 276 274 275 266 288 293 302 307 320 299 238 204 219 197 215 203 220 210 247 235 255 241 197 172 171 165 166 169 162 168 165 167 174
209 204 220 216 221 201 191 188 165 186 208 183 203 197 206 178 190 186 202 188 186 194 222 228 184 168 174 177 182 188 195 207 263 251 207 181 187 188 172 175 170 188 225 240 239 298 272 255 239 210 213 222 254 267 271 255 236 263 303 338 297 286 270 280 299 312 281 279 280 314 320 273 228 219 196 209 183 216 208 222 201 187 236 239 193 167 164 170 171 165 172 170 161 162 169 173
214 210 205 213 214 209 180 189 184 170 199 180 187 184 183 188 167 181 191 183 197 216 225 227 218 187 191 213 208 199 181 203 243 201 182 160 187 215 181 161 201 243 287 287 300 272 270 233 194 213 189 219 280 303 278 244 251 315 310 306 279 284 295 330 355 312 271 307 319 274 245 237 224 210 255 219 175 179 165 172 166 164 171 168 161 161 162 166 165 162 167 176 177 179 168 173
201 203 203 194 202 196 190 207 193 180 170 182 172 170 169 172 175 189 171 176 188 202 204 208 211 194 220 239 228 219 248 172 182 208 160 153 190 164 151 204 269 299 282 345 331 255 221 184 181 175 182 220 220 248 227 276 276 267 263 259 278 295 342 325 283 285 329 287 258 248 245 245 244 264 235 189 171 167 166 163 163 162 161 158 168 172 166 162 163 160 164 178 177 178 175 174
192 199 207 204 196 190 191 194 188 187 175 174 196 185 171 177 180 178 178 193 196 208 222 214 185 186 222 242 239 235 221 150 146 136 124 150 149 143 185 246 253 304 319 285 240 205 170 161 153 171 187 184 199 227 277 330 274 247 257 278 314 330 311 282 304 364 296 243 258 263 296 282 212 207 184 178 174 170 164 163 159 156 161 159 172 178 168 166 167 167 177 183 201 205 206 188
177 186 189 173 178 176 185 188 190 195 189 187 188 182 189 167 169 169 186 189 196 202 192 170 172 206 234 233 227 231 159 143 128 116 111 119 129 172 248 286 276 274 255 219 181 156 147 161 177 181 175 184 229 279 263 278 252 269 274 321 339 337 300 322 376 330 299 262 288 389 414 298 195 177 175 170 171 171 166 166 165 164 202 209 164 160 167 165 172 199 202 187 192 203 220 238
161 164 164 159 165 161 174 176 178 178 184 183 182 176 186 184 172 173 190 191 176 187 156 168 210 221 227 182 207 168 133 122 112 112 110 131 205 240 232 271 266 236 198 160 148 141 152 167 179 172 184 231 298 304 299 268 274 290 328 319 324 302 315 367 331 268 282 328 400 390 320 205 179 172 170 165 170 165 167 169 178 202 184 160 171 162 171 184 194 253 279 235 232 237 239 235
156 160 158 163 168 167 167 159 161 161 170 179 180 173 164 160 165 146 171 149 163 185 167 183 210 210 186 142 131 122 108 110 110 133 129 193 207 220 244 250 221 191 148 147 154 157 150 160 156 185 233 264 286 258 262 280 312 331 332 327 317 319 359 420 333 325 383 398 349 278 198 177 171 167 168 165 166 163 171 192 198 167 171 169 163 180 191 204 224 282 221 194 192 195 203 209
151 152 152 154 161 152 152 148 154 154 167 165 162 165 169 170 160 158 117 133 175 172 177 176 187 157 122 154 106 111 119 132 123 161 183 190 199 212 231 203 167 135 144 151 168 179 168 147 186 235 286 263 261 275 260 294 318 329 321 319 312 348 394 385 302 425 429 334 202 209 178 174 169 164 163 162 159 205 254 181 168 178 180 182 202 227 237 234 221 218 193 184 187 220 242 236
161 164 159 149 146 146 155 153 145 150 153 152 158 157 160 180 170 137 139 179 153 165 173 163 133 117 115 137 121 121 139 157 191 225 205 200 225 227 184 155 164 152 140 146 156 170 173 179 236 271 261 268 253 268 297 305 315 317 298 304 339 367 407 369 219 241 264 210 182 172 171 166 165 163 161 176 180 221 177 155 162 166 179 193 234 246 191 198 222 194 179 179 190 212 236 225
159 163 165 154 150 152 159 157 154 159 158 146 144 139 142 158 161 131 160 144 146 152 141 128 133 106 118 116 111 143 191 232 204 266 257 221 206 173 159 141 155 137 148 162 162 185 194 248 217 245 265 267 255 302 301 289 312 296 298 326 346 393 389 249 204 211 205 181 174 169 167 163 171 181 182 188 164 160 166 161 157 175 188 197 207 187 175 178 182 179 191 208 226 243 227 245
137 154 163 149 158 139 142 153 149 151 148 145 134 140 142 153 152 149 122 124 139 108 109 104 120 95 99 111 162 199 223 273 246 226 214 179 146 148 171 153 145 177 172 160 169 186 239 282 237 237 233 264 298 281 295 284 297 300 328 359 405 343 229 216 201 181 180 174 169 168 173 230 253 243 179 165 162 158 163 166 189 175 189 210 180 178 172 172 169 192 193 199 219 229 224 224
124 143 145 136 148 127 124 135 141 136 133 132 133 127 130 141 129 144 141 120 127 135 148 158 122 112 131 181 219 235 252 254 218 188 157 142 136 153 151 137 157 170 183 182 170 214 278 285 250 212 241 291 276 269 276 300 330 348 378 406 312 238 222 185 178 175 175 172 170 205 238 202 184 174 172 183 180 184 182 165 173 204 200 186 187 168 168 169 185 196 194 191 196 209 213 217
113 140 150 126 131 131 108 117 129 131 124 121 122 122 124 124 117 130 132 118 127 144 155 161 146 128 175 221 244 243 232 211 167 135 153 162 135 144 137 151 152 156 155 155 186 255 281 281 233 283 277 261 270 306 339 363 380 395 402 290 218 209 185 181 178 174 170 181 197 218 186 187 195 194 184 178 182 207 224 195 171 168 171 188 179 166 171 198 184 178 179 176 191 192 199 195
112 120 139 132 116 123 116 104 113 115 127 136 128 135 130 106 111 116 125 106 117 138 149 153 149 186 216 233 245 220 186 152 137 124 153 160 138 135 154 162 166 168 178 164 212 251 276 253 307 304 301 292 315 356 354 327 374 375 250 208 199 190 182 183 177 176 189 193 191 195 192 195 225 243 237 240 207 183 173 165 175 171 187 188 167 165 190 182 166 167 169 173 179 184 187 188
121 107 143 147 133 142 109 99 104 110 117 119 120 134 120 111 123 101 102 116 128 122 129 135 194 230 227 218 205 168 152 138 157 143 149 143 136 145 148 160 164 166 174 183 240 240 246 300 342 325 326 320 275 251 237 257 232 215 236 217 193 186 185 185 190 177 181 194 199 196 236 255 206 202 187 192 197 205 190 168 191 183 177 163 160 167 168 162 173 175 171 187 175 177 184 211
131 115 131 142 145 148 138 132 116 103 102 100 105 139 106 115 137 123 120 137 141 135 141 173 215 211 202 169 142 144 169 153 144 133 132 140 151 158 147 162 180 184 172 200 232 241 240 381 347 316 285 271 269 270 250 260 253 241 217 197 192 190 240 235 206 210 206 201 214 212 212 226 240 235 229 207 209 234 215 164 157 171 167 154 161 171 182 162 160 168 185 193 192 204 210 212
138 107 127 132 142 140 146 139 120 117 145 122 105 113 105 127 153 151 161 161 142 148 171 183 197 175 152 123 121 146 141 135 147 136 135 151 160 157 158 161 176 180 185 219 234 229 292 345 349 287 292 330 308 275 250 230 250 266 217 197 191 217 236 220 208 208 211 214 236 242 236 231 224 221 232 219 203 215 189 169 155 159 164 167 169 190 206 181 163 167 179 190 198 209 213 229
143 119 117 116 130 132 137 150 130 130 138 125 104 111 108 135 144 142 133 150 147 149 156 171 168 133 140 137 117 125 138 143 169 160 129 147 145 144 154 164 162 170 190 239 253 259 316 277 288 305 310 376 336 267 254 316 280 239 250 215 194 202 215 206 219 216 218 238 228 227 210 203 204 198 174 170 175 187 175 158 161 190 172 183 195 206 194 185 198 208 203 213 212 216 227 237
135 121 120 112 110 118 124 134 139 147 145 125 138 131 104 119 119 126 127 132 157 150 156 135 127 122 114 112 122 145 146 132 157 174 156 129 144 148 139 152 169 182 187 249 228 284 296 330 326 306 346 347 289 257 307 269 260 271 236 202 202 225 210 237 219 253 234 238 207 182 198 213 184 172 162 160 160 159 150 154 159 172 177 184 182 184 196 201 199 190 193 204 223 210 213 237
117 130 123 112 124 98 121 141 166 139 153 149 149 127 116 107 111 124 119 124 155 149 127 112 113 116 126 148 161 169 175 141 168 180 185 153 162 166 160 160 180 172 218 244 237 262 318 339 308 326 362 335 284 280 256 241 249 252 241 212 231 218 243 220 274 226 226 210 184 180 206 199 186 181 159 154 149 163 167 153 162 167 168 164 180 194 196 198 206 211 218 211 229 222 241 243
141 131 124 111 130 112 121 154 153 151 156 178 154 127 122 126 124 107 103 127 146 130 117 104 114 133 153 165 161 168 173 174 154 176 190 178 171 197 183 162 181 219 201 213 238 294 310 300 300 332 337 284 277 271 232 245 258 263 257 252 226 248 225 252 226 213 204 179 169 188 185 159 154 162 156 155 161 156 163 165 168 209 193 197 201 214 215 223 228 219 221 226 229 240 267 289
114 148 138 139 139 115 120 129 158 132 156 167 156 134 139 115 124 118 121 138 138 124 107 115 140 124 128 139 158 174 184 185 175 194 194 182 168 194 189 186 233 224 208 244 246 271 298 318 291 322 282 255 286 248 236 248 245 264 253 226 243 237 255 242 206 181 173 175 168 169 163 153 159 152 156 163 164 171 163 169 192 243 225 220 233 232 235 231 246 246 245 252 238 251 322 344
150 115 127 152 149 161 163 133 151 163 131 149 108 107 111 104 102 124 128 136 123 109 107 109 130 119 149 167 181 173 175 176 187 188 201 184 203 183 190 225 226 222 233 243 281 278 337 272 267 289 247 247 275 223 232 232 236 258 228 247 255 255 276 219 215 177 169 162 158 154 162 153 149 153 165 193 169 167 172 192 208 232 249 240 255 245 230 242 228 235 249 246 224 227 271 336
160 130 115 113 127 134 140 107 145 138 119 107 111 130 160 126 125 128 119 126 109 124 130 155 179 163 132 151 171 160 164 160 165 169 193 200 190 194 221 220 220 252 258 266 282 313 295 245 273 256 240 270 249 220 226 222 246 231 228 249 290 268 217 220 202 186 173 166 165 161 159 172 172 149 176 175 177 186 190 194 197 202 210 254 272 257 240 227 214 219 230 239 259 228 255 341
143 119 129 126 114 124 112 119 101 109 104 113 130 168 174 156 134 113 111 98 106 127 162 152 160 167 144 142 137 162 169 183 198 183 187 191 195 201 225 203 237 242 253 252 288 313 257 232 238 234 251 262 214 213 215 238 223 227 239 265 287 217 210 196 172 179 180 178 182 176 182 175 163 155 163 158 162 161 165 173 185 192 218 231 231 219 221 199 214 308 362 379 327 227 271 236
150 134 123 129 120 139 132 148 118 107 156 132 145 146 154 127 127 136 113 125 121 128 145 149 166 173 165 157 147 131 155 197 171 175 182 178 188 205 193 215 229 237 233 260 312 268 224 239 252 233 222 218 201 223 236 219 216 228 281 314 235 202 227 191 169 180 190 188 178 171 181 157 144 145 151 154 157 168 184 190 194 192 194 196 196 191 206 192 244 355 408 352 267 208 199 196
158 147 147 128 133 157 162 155 127 111 113 124 137 133 138 120 123 136 133 113 156 159 146 166 182 188 181 189 191 174 157 158 161 186 194 188 197 185 209 220 230 227 253 300 259 240 243 245 247 221 203 200 217 221 221 231 226 292 316 238 203 222 220 209 166 172 187 172 164 165 149 143 142 145 149 151 166 185 185 193 195 174 174 177 192 193 196 187 215 255 250 212 201 187 188 191
165 175 149 147 156 154 164 157 149 132 111 109 123 144 111 107 104 110 109 127 172 173 152 169 169 174 191 195 210 200 202 180 187 192 199 183 168 177 225 233 220 244 268 264 261 239 231 218 216 206 200 220 220 209 229 219 252 227 194 202 226 203 204 170 171 187 181 172 153 148 142 146 149 156 166 178 171 176 169 167 167 164 170 201 205 195 190 194 182 180 185 181 183 192 203 206
166 172 159 172 169 154 132 147 140 114 112 101 95 137 107 119 108 121 136 148 159 172 163 162 176 171 181 195 194 196 195 195 200 208 197 183 183 208 194 201 223 296 252 268 247 242 219 199 198 205 226 210 214 233 254 286 218 193 206 223 224 215 175 159 172 186 177 154 149 150 152 157 152 153 161 147 173 179 163 158 158 161 161 188 197 180 178 181 192 192 184 190 205 211 221 220
171 166 157 167 153 135 128 115 122 99 109 100 99 110 111 134 119 117 118 136 160 179 186 191 198 172 177 171 189 183 187 188 191 191 178 177 182 185 194 211 260 259 242 271 268 212 188 193 201 217 200 207 228 281 279 223 203 198 217 209 186 162 167 178 179 180 157 147 158 176 173 153 143 159 163 158 168 158 164 153 154 159 160 175 181 187 194 186 193 197 210 231 224 232 271 294
152 142 141 167 149 142 121 92 106 88 104 119 130 125 146 150 127 147 172 155 171 191 204 209 207 182 193 191 174 173 177 179 175 175 194 191 184 197 224 255 236 243 290 276 224 197 201 216 227 199 205 236 273 237 201 184 177 176 179 170 157 172 187 188 187 164 145 150 171 165 154 148 154 175 165 180 168 167 164 164 161 170 176 175 186 192 191 185 186 218 231 244 262 295 335 309
123 126 145 152 133 117 116 98 95 113 112 105 134 153 157 151 152 173 161 164 178 183 200 187 191 206 180 196 192 176 163 172 189 187 184 190 202 243 269 233 246 274 242 195 182 186 215 213 195 236 265 248 208 202 180 203 180 165 160 149 177 175 180 174 160 147 142 145 153 150 160 171 173 166 175 184 174 175 187 167 165 165 162 166 184 194 190 207 214 243 292 308 308 298 312 364
143 125 155 136 124 134 95 101 119 118 123 103 116 123 119 138 147 147 140 146 159 186 187 181 204 215 202 194 179 174 185 178 174 177 186 212 261 250 236 247 263 207 189 190 191 206 202 196 247 266 227 211 217 237 275 230 153 149 155 173 173 168 176 157 150 150 151 146 149 153 169 188 189 167 172 177 182 194 231 222 193 171 160 163 175 193 189 229 266 268 273 274 299 325 418 512
174 133 125 107 116 94 99 149 147 137 127 122 128 148 130 122 129 131 163 159 159 159 161 192 198 203 197 175 183 190 169 174 184 201 241 251 232 228 278 257 192 180 183 198 211 195 191 252 271 230 231 230 197 169 167 165 159 153 152 146 148 153 172 155 150 144 172 158 155 181 188 191 188 173 174 175 192 231 218 188 180 163 171 184 199 180 196 241 246 293 328 307 320 379 567 553
177 140 109 139 153 145 142 130 168 149 154 125 117 142 134 113 114 134 153 152 175 179 190 181 192 189 167 181 182 167 166 186 222 240 222 224 237 268 266 210 197 183 185 190 184 195 219 268 235 256 217 176 162 155 151 157 160 175 158 140 152 142 174 153 154 151 174 166 171 176 172 173 183 197 211 233 220 223 191 182 179 167 193 207 199 186 203 220 248 296 293 312 356 376 512 545
136 109 123 121 150 171 147 131 137 157 151 128 121 124 133 131 114 124 131 144 161 176 175 186 171 159 178 172 159 171 206 237 217 207 220 271 297 233 228 217 174 178 183 190 184 210 271 243 308 325 184 179 184 161 163 158 183 168 163 147 138 139 167 160 143 158 153 154 151 164 163 166 210 277 253 209 189 185 188 197 178 174 193 211 213 208 220 246 249 242 283 329 343 395 604 480
100 137 164 157 170 165 172 156 143 153 176 155 139 123 149 136 160 154 132 144 149 159 166 190 156 152 160 155 176 217 220 219 217 248 279 254 223 188 210 171 163 160 203 189 206 273 256 344 325 203 266 256 217 225 205 167 181 175 177 159 153 138 141 146 159 174 166 162 152 159 174 196 230 204 175 175 176 176 189 205 204 191 191 220 231 211 237 265 259 273 311 360 373 446 540 360
102 135 126 156 172 164 165 176 174 161 200 168 142 133 165 181 190 181 145 142 158 173 193 190 150 147 153 173 215 194 212 216 282 283 227 193 180 170 160 162 163 183 205 199 269 269 323 316 196 257 341 251 194 180 181 190 192 166 167 166 145 136 128 140 166 156 167 172 166 168 232 317 185 163 164 168 172 190 207 214 216 197 208 240 237 252 262 299 295 323 320 417 451 624 464 324
138 139 126 135 138 142 136 166 183 174 167 163 148 156 152 173 202 189 153 136 141 155 177 148 145 151 164 200 185 229 238 222 311 256 179 185 160 151 172 171 187 202 200 255 271 274 319 216 314 282 208 174 171 178 187 204 185 152 146 140 134 135 140 143 144 152 160 172 175 178 255 213 169 154 167 162 170 187 206 216 214 214 237 257 282 296 300 321 335 367 402 386 419 491 337 327
166 179 180 188 172 130 134 144 153 191 175 160 175 168 146 175 190 157 138 144 138 163 150 169 179 158 185 181 198 227 232 199 252 189 164 163 153 155 161 178 188 187 222 280 245 275 247 261 260 195 177 160 161 186 173 181 163 149 143 133 130 133 133 133 175 159 165 168 159 180 189 158 155 165 175 184 182 185 187 210 226 223 241 262 286 304 327 345 389 445 355 321 383 405 345 363
136 155 183 195 194 161 131 162 170 190 186 176 192 173 158 170 160 150 160 167 151 180 154 178 174 174 185 172 176 198 207 212 205 159 140 144 151 159 180 169 181 203 282 247 228 215 209 184 174 184 167 154 164 164 178 169 156 153 144 139 134 130 132 138 157 164 162 153 144 158 153 148 173 181 189 209 198 186 208 215 221 243 249 281 295 303 327 393 364 314 309 315 333 365 375 397
146 159 169 186 179 156 133 140 163 190 170 184 201 187 156 158 175 164 160 159 172 179 157 158 171 183 165 163 174 188 191 205 168 143 152 170 174 171 173 188 230 288 249 193 189 175 166 164 172 160 153 150 162 155 181 152 144 147 141 136 131 131 131 135 146 159 142 140 140 149 155 166 170 178 192 196 210 229 228 236 258 284 274 278 282 380 410 316 302 330 348 356 357 364 374 359
123 150 173 184 181 162 186 171 140 144 164 186 172 167 156 179 168 154 154 180 202 186 160 161 177 163 158 167 170 202 203 158 149 152 160 165 159 169 188 272 297 213 216 216 181 164 161 160 158 161 163 160 152 152 167 147 136 140 140 131 131 130 134 143 150 144 152 157 149 167 166 162 168 181 177 201 240 256 280 263 277 297 316 327 304 318 295 326 347 390 392 383 382 381 362 331
140 153 159 173 183 191 200 172 177 160 154 166 171 168 172 174 170 172 176 202 201 178 171 188 169 157 165 189 196 197 172 142 142 157 165 165 191 203 276 251 207 210 207 182 171 164 164 155 158 154 152 149 152 146 143 148 133 135 141 137 142 132 134 140 139 149 165 158 149 169 165 158 162 164 180 229 260 273 292 384 402 365 305 286 295 329 375 347 356 408 420 420 414 371 357 319
111 127 145 160 179 204 206 178 195 176 152 149 156 162 158 172 189 193 200 176 166 178 185 166 166 164 179 196 199 161 142 145 141 147 144 170 186 262 205 217 214 190 176 176 176 171 165 154 149 147 155 159 163 153 146 145 130 131 134 141 139 137 133 145 137 144 161 160 156 182 172 173 171 172 205 247 254 269 361 450 323 326 306 302 319 362 397 393 381 373 367 398 397 370 337 323
130 151 143 160 176 193 198 196 186 164 172 155 158 161 172 170 194 195 173 157 162 182 170 167 182 187 184 181 159 142 131 151 154 151 144 154 191 186 206 201 184 174 174 166 166 157 155 156 172 164 165 164 163 168 158 135 129 128 129 140 131 135 130 130 128 136 144 143 154 183 167 184 207 211 227 255 247 271 453 348 292 331 292 349 368 369 382 377 358 348 350 348 342 335 323 318
142 148 165 158 168 174 174 177 190 180 182 162 170 175 185 185 193 177 164 157 169 173 165 181 172 190 180 144 136 129 142 164 149 164 145 160 164 217 194 180 181 174 186 194 171 173 156 165 175 178 152 146 142 154 151 132 136 138 136 139 149 155 145 137 131 141 156 139 145 169 169 190 204 215 226 216 224 256 393 295 329 292 308 373 356 358 382 374 369 352 327 321 324 338 330 319
141 151 153 171 170 165 151 162 180 194 172 164 182 175 190 195 185 170 161 155 152 142 152 175 207 184 137 127 133 147 163 154 139 168 156 169 210 214 220 226 222 209 208 188 181 175 167 182 171 154 152 152 144 141 151 139 133 129 129 164 190 194 177 142 141 161 160 150 140 176 209 182 179 182 189 207 244 262 394 296 281 289 300 319 334 354 347 336 352 339 330 320 320 330 337 344
