Biloxi.txt
ncols        492
nrows        531
xllcorner    -93.791666666667
yllcorner    26.258333333333
cellsize     0.016666666667
[rows 224 to 279 of 531, columns 288 to 383 of 492]
77 82 67 58 55 68 74 68 62 60 64 68 75 82 92 78 76 84 75 72 79 88 87 77 56 43 40 44 55 73 69 77 78 66 71 75 69 69 72 78 78 69 62 62 68 60 59 47 42 39 38 44 34 35 43 42 25 26 25 17 13 15 13 16 16 17 28 43 59 50 54 39 35 25 19 17 20 23 34 36 42 43 41 49 48 56 63 78 77 60 63 87 105 120 116 102
74 76 70 52 53 70 68 64 58 54 64 73 87 94 90 90 88 78 75 82 74 82 86 82 64 43 40 44 54 63 66 75 76 64 65 76 69 63 72 77 76 64 69 69 67 55 56 53 45 39 37 28 28 26 30 31 31 23 24 17 14 13 13 15 16 14 30 34 49 49 42 30 25 19 18 22 19 27 42 39 43 43 50 67 72 62 90 98 105 72 90 97 116 118 117 98
70 81 61 52 53 70 67 60 53 61 65 73 76 86 89 84 79 72 69 83 72 73 75 82 71 45 41 45 47 56 63 79 82 71 63 64 62 66 70 71 74 70 65 64 66 53 45 40 36 47 42 42 33 24 22 17 22 20 19 15 11 14 14 13 12 14 16 21 27 40 25 21 18 19 19 19 17 28 34 45 46 53 57 74 93 89 106 110 107 96 98 113 116 116 116 100
76 82 68 53 47 59 60 54 51 55 60 70 77 75 85 86 83 77 62 68 70 59 72 77 60 43 39 43 45 61 60 70 81 76 65 63 74 74 73 66 65 66 59 63 64 50 45 43 37 39 34 34 33 30 34 35 34 26 25 24 16 13 13 11 15 15 17 15 13 14 18 16 16 14 15 17 20 37 36 40 54 65 69 64 78 104 110 106 100 108 113 112 104 116 117 111
69 79 72 58 46 59 55 49 54 75 74 72 68 75 89 87 76 70 62 57 68 60 62 65 66 43 37 40 40 50 62 59 73 78 67 61 65 70 75 66 60 58 57 64 62 55 48 48 45 34 33 31 27 27 51 42 34 26 26 21 15 14 14 14 14 13 14 16 15 14 15 14 13 12 16 16 20 32 39 37 48 70 88 79 77 91 109 96 102 110 104 93 106 111 114 113
65 70 64 60 46 53 49 48 57 68 74 64 62 80 86 87 85 75 72 57 60 70 58 59 70 57 36 40 41 45 55 66 83 90 68 60 58 58 62 65 56 58 63 78 68 57 59 53 48 43 41 32 28 26 26 25 26 22 23 18 15 14 12 13 13 16 19 20 17 15 14 15 12 15 16 18 24 24 36 49 64 66 79 79 76 86 108 94 95 107 85 87 104 116 113 109
55 65 70 67 49 50 49 46 59 71 75 61 57 72 74 81 84 75 64 62 52 72 57 63 75 60 37 37 41 45 60 72 79 96 84 79 71 67 57 54 56 71 73 69 63 54 55 52 49 52 44 38 39 33 25 23 18 18 21 18 10 14 14 13 14 14 15 17 18 17 16 15 16 14 19 25 42 43 30 48 64 61 61 67 72 92 105 84 96 95 74 98 102 114 111 108
48 64 69 63 48 39 54 43 48 62 67 62 58 64 64 72 73 67 59 59 50 64 53 62 65 63 37 37 41 48 58 69 83 88 89 79 69 70 62 52 62 69 61 60 62 49 42 49 42 46 48 52 51 56 52 40 24 16 18 17 14 12 12 11 10 9 10 11 13 15 17 14 15 17 21 40 48 46 54 33 40 40 55 59 67 66 92 74 68 72 78 83 100 111 104 91
38 40 48 58 48 38 61 49 40 50 61 55 52 61 65 74 77 70 69 67 46 49 63 72 68 55 37 37 38 45 62 77 88 77 73 83 72 61 64 51 59 66 60 67 66 53 49 37 32 32 37 44 38 39 43 37 27 23 17 13 12 12 14 10 10 10 11 12 13 16 16 14 14 18 25 41 53 60 59 58 52 58 60 60 54 54 57 71 95 88 104 97 103 111 104 89
32 34 34 41 39 42 67 56 38 46 60 50 60 67 71 75 73 81 70 66 52 47 64 76 63 66 45 34 37 46 57 67 77 75 62 70 73 63 64 54 51 56 66 67 58 49 43 36 36 36 30 29 28 24 22 29 18 19 22 17 12 12 14 10 9 10 12 10 12 14 16 14 12 16 33 41 50 51 73 80 57 80 91 89 80 82 71 95 106 104 105 106 108 106 104 87
43 33 31 33 33 33 40 52 38 45 56 49 50 57 69 63 70 77 71 63 55 46 56 66 58 49 36 32 35 42 55 75 82 78 69 60 69 63 60 51 49 56 72 63 51 46 44 45 53 46 37 39 34 37 52 46 31 21 18 17 19 15 12 10 10 12 13 12 11 13 15 17 15 27 50 55 51 46 52 68 75 75 94 99 85 75 89 87 97 103 101 100 104 106 102 81
59 47 39 32 31 30 32 35 34 47 55 45 43 58 68 58 56 66 64 58 57 41 55 72 61 57 40 30 33 44 65 74 85 85 82 63 57 66 58 52 52 66 57 62 56 56 58 67 65 54 53 60 45 53 52 51 49 33 23 16 15 17 12 11 11 11 11 15 12 16 15 15 17 26 40 48 59 70 58 69 82 85 85 90 89 87 93 97 99 98 96 98 100 102 106 85
69 60 51 42 33 31 29 31 32 49 56 44 42 58 67 61 52 58 54 53 52 38 60 68 62 50 36 31 33 45 53 65 76 88 79 67 64 58 51 48 50 66 68 67 68 70 74 98 83 57 48 45 43 37 32 31 32 34 21 19 19 12 11 12 10 11 12 14 13 15 18 34 41 48 54 54 64 63 72 70 88 95 99 94 97 94 94 94 95 91 93 98 98 103 102 82
80 69 66 52 56 43 32 28 31 35 41 36 50 63 59 62 57 51 48 49 41 42 62 64 55 44 34 32 34 43 53 65 78 76 72 63 58 58 49 46 51 62 79 77 80 88 98 84 70 64 62 65 46 41 52 44 34 29 23 23 19 10 11 11 13 12 13 11 15 17 23 29 35 39 43 44 48 58 81 78 83 101 100 99 99 96 94 90 92 94 90 93 94 99 105 99
81 83 71 57 67 56 46 31 28 28 27 35 54 56 51 57 59 60 48 39 37 58 62 59 45 36 31 30 37 61 58 61 77 91 94 72 53 46 44 50 72 69 66 68 84 89 93 70 56 52 72 69 55 62 71 54 43 34 23 22 14 10 10 8 8 10 10 11 12 22 24 35 35 41 46 43 42 51 62 74 86 100 98 101 97 96 97 95 90 87 84 82 85 91 89 93
79 85 88 75 71 61 50 46 36 26 27 28 41 51 43 46 56 54 48 38 42 58 57 50 39 33 30 31 49 71 73 76 85 90 86 64 51 44 53 54 62 58 66 78 87 97 71 61 54 46 62 53 57 68 78 58 47 55 25 14 13 9 8 8 8 8 8 10 15 40 32 24 33 46 52 57 58 54 67 82 82 98 95 98 97 94 96 93 91 92 86 84 75 79 74 75
75 81 85 88 73 63 56 66 55 33 27 25 28 46 37 51 63 55 49 40 32 48 42 36 32 29 31 40 55 76 91 92 86 74 72 60 47 42 46 53 62 67 69 85 105 102 76 56 49 41 44 51 40 57 64 47 44 51 28 17 17 6 8 8 8 9 9 10 22 41 44 42 36 52 60 65 53 64 72 81 92 95 93 95 96 93 93 90 89 90 87 90 84 71 64 59
79 75 77 84 79 68 71 61 56 46 29 26 26 32 35 46 53 50 45 50 37 30 34 29 29 29 36 50 63 88 87 94 90 75 69 57 45 42 61 78 80 86 94 98 97 100 80 61 51 43 37 38 32 44 44 34 23 34 20 17 13 7 8 10 8 9 11 11 33 41 45 47 43 36 55 51 41 48 57 74 90 94 96 88 94 93 94 94 92 88 81 81 78 73 80 85
76 84 79 80 80 84 68 57 51 53 42 28 25 26 32 43 58 58 40 44 36 27 27 25 28 35 55 58 66 82 82 93 85 80 67 54 44 44 68 75 81 89 89 78 85 95 78 74 49 43 39 40 31 26 24 25 19 18 14 10 12 10 11 11 8 9 9 13 35 41 43 42 44 37 37 50 48 62 71 84 83 79 90 87 93 91 97 92 92 92 90 90 90 88 87 84
85 90 77 71 70 76 67 66 61 53 42 31 27 26 25 47 55 44 38 29 25 28 24 27 43 69 69 71 86 87 78 83 90 70 60 56 42 45 57 67 87 77 77 73 80 94 92 85 64 59 60 44 36 32 36 21 29 29 18 10 11 11 12 9 11 9 9 18 34 32 40 51 50 47 54 61 69 70 82 82 74 75 82 84 84 87 92 89 89 91 91 91 92 93 92 90
85 83 68 64 75 78 63 61 62 52 42 34 28 26 26 39 48 34 27 25 25 30 35 48 57 80 92 88 79 78 69 69 79 66 57 51 41 51 74 70 65 62 63 71 79 89 84 80 78 61 54 47 50 61 63 61 47 29 15 10 10 10 13 11 8 10 13 33 37 41 52 41 58 55 67 77 83 84 77 78 68 71 77 75 86 95 94 87 92 92 92 91 91 90 91 91
85 74 58 74 76 67 63 54 58 58 47 37 30 24 24 30 32 24 25 26 27 38 56 56 62 72 90 91 95 87 79 67 70 62 54 46 39 56 54 61 66 73 76 83 81 68 62 74 69 69 68 65 73 82 72 58 42 23 9 8 10 9 11 11 7 9 11 31 40 44 48 54 66 76 73 90 81 80 74 79 71 72 84 76 86 92 88 86 90 92 92 91 90 89 88 90
72 57 66 87 77 65 55 52 56 57 54 38 29 24 22 21 24 21 26 30 35 43 50 74 68 79 88 95 96 91 84 69 61 54 49 38 48 48 61 83 78 82 78 63 65 54 77 87 65 67 63 75 82 65 53 52 37 19 13 8 7 4 11 10 8 11 14 27 41 34 42 50 75 90 92 83 67 72 75 66 65 77 83 71 81 89 87 80 87 91 87 88 87 88 84 83
57 53 75 82 89 80 63 48 45 57 59 48 31 23 24 21 24 26 30 37 46 54 70 81 81 82 93 88 77 71 79 70 56 54 41 39 45 55 70 83 87 87 72 62 52 47 68 72 58 51 55 73 86 67 65 51 32 20 16 12 5 5 8 8 11 12 11 16 28 34 38 46 64 79 91 76 61 71 69 60 62 67 74 69 77 88 90 78 85 87 84 86 85 87 83 74
41 51 73 80 86 79 68 57 42 47 53 43 24 21 19 22 25 44 51 50 51 69 76 85 76 89 87 93 80 70 63 56 55 53 38 46 57 58 70 81 85 86 78 70 59 46 56 60 48 52 64 86 87 66 61 46 24 19 17 15 8 6 6 9 10 11 10 18 28 31 34 38 65 83 79 66 55 68 59 55 66 67 76 72 73 90 80 74 78 84 87 82 83 84 86 81
38 50 66 83 75 82 73 68 48 37 42 40 30 23 24 21 37 53 63 65 64 68 61 62 71 79 83 83 85 80 71 56 49 54 39 43 63 72 76 77 82 82 72 62 61 51 39 50 44 50 59 83 76 78 72 51 24 17 15 11 9 9 7 8 8 9 12 20 32 35 38 47 67 85 87 81 58 54 51 61 62 65 73 66 73 87 81 67 81 85 83 78 78 82 87 83
40 41 57 75 70 82 76 67 59 52 38 31 28 22 23 21 32 48 52 55 53 55 66 74 77 86 83 70 78 80 73 63 45 51 40 38 58 74 83 73 76 81 89 79 62 66 58 41 41 47 68 74 68 58 61 44 18 17 14 12 7 6 8 10 7 7 11 21 35 38 48 67 68 85 78 72 71 61 51 57 53 67 68 63 79 86 75 64 81 83 82 77 69 77 78 78
43 35 43 52 67 71 78 64 66 65 56 50 26 22 17 21 35 49 38 41 49 68 79 85 83 82 83 65 74 77 67 57 48 42 40 37 53 65 74 70 74 85 88 81 77 66 53 37 35 43 67 67 55 44 44 27 17 16 14 11 7 8 9 8 7 8 10 19 33 44 53 74 85 83 79 63 67 65 58 45 58 66 60 67 81 82 81 64 77 83 80 80 80 76 70 64
53 40 36 37 45 55 63 59 62 60 56 46 28 18 21 22 30 39 42 54 58 67 70 81 80 86 78 68 61 61 63 61 55 45 34 34 49 64 77 67 71 79 88 76 58 63 47 35 39 43 63 59 71 49 35 20 15 13 13 10 5 5 8 7 8 7 10 21 33 45 57 72 86 83 73 67 60 58 56 50 51 60 56 66 78 74 77 62 81 80 81 73 74 80 79 58
62 47 33 33 34 44 52 50 57 55 58 46 32 19 22 19 30 36 49 59 67 65 68 76 74 83 81 78 70 53 47 53 49 39 32 39 53 66 75 66 68 85 88 82 62 44 55 40 30 37 57 50 55 47 26 16 12 11 11 9 7 9 9 8 7 -1 12 25 39 46 57 80 86 83 79 76 68 60 56 53 48 55 60 71 75 69 64 64 76 78 82 80 75 64 69 56
57 52 48 37 32 36 41 39 47 46 50 41 32 22 21 20 19 25 47 60 65 59 59 71 68 72 81 72 74 68 51 47 41 34 29 48 61 69 67 60 72 81 80 64 68 44 40 48 28 40 60 48 53 26 17 15 12 10 10 -2 -3 -1 7 -1 -2 -4 28 32 49 55 66 75 82 83 82 78 66 65 61 57 53 46 63 63 72 60 55 67 78 76 78 78 78 73 61 53
65 53 52 47 30 30 32 32 27 30 36 43 37 26 18 15 16 21 42 47 51 58 55 68 61 73 76 72 73 56 53 49 39 30 34 49 48 67 79 57 75 69 74 66 55 57 42 37 35 29 57 45 42 23 16 15 11 6 6 -3 0 -1 -3 -2 -5 -1 26 39 52 68 68 67 75 79 83 76 71 61 55 55 55 46 55 49 59 51 54 61 73 76 73 76 77 80 72 49
59 61 48 49 49 30 26 26 26 24 21 23 38 30 20 16 16 18 33 47 40 43 53 58 55 67 63 63 72 62 46 35 30 40 55 71 72 78 73 63 56 66 77 76 74 77 64 61 46 25 37 45 25 19 15 13 10 6 5 2 3 7 -2 -2 -7 23 35 49 68 67 67 63 69 72 78 69 60 67 53 59 56 47 48 46 50 53 64 65 75 74 69 73 73 76 75 59
48 52 53 41 44 43 47 43 45 40 30 20 23 31 24 20 17 17 21 36 39 48 48 54 49 56 56 68 71 59 39 29 35 55 72 71 73 75 71 52 48 64 70 77 72 62 61 55 52 34 22 38 28 16 14 9 12 10 4 3 -4 -5 -5 3 -10 26 27 51 47 54 68 55 62 60 70 62 58 64 54 48 65 53 47 40 42 49 52 71 76 73 68 70 67 69 70 60
45 43 44 44 38 39 38 40 40 38 36 31 20 22 23 16 17 17 15 34 44 44 41 47 44 47 50 60 65 54 35 27 35 48 64 67 63 60 55 47 65 65 67 74 67 63 54 50 40 34 19 22 26 14 13 9 11 9 -1 1 -1 -1 -1 -4 -4 22 34 41 49 63 56 47 46 54 59 56 54 59 50 44 56 52 46 54 52 40 49 64 74 70 66 69 57 58 64 50
35 34 32 33 31 30 28 26 24 25 26 31 22 17 20 20 20 18 15 19 27 34 44 47 40 44 45 42 54 54 30 26 37 48 62 57 62 55 45 56 55 67 78 76 71 58 61 65 57 50 29 14 14 14 9 5 5 3 -5 -2 1 0 -1 -2 -5 21 33 32 56 41 32 40 62 59 52 46 47 51 53 45 42 44 54 63 55 49 38 61 67 59 62 67 50 51 64 62
31 36 36 37 37 38 41 32 31 28 21 21 28 25 22 18 18 18 18 15 17 22 37 39 37 39 36 44 51 45 27 26 35 50 53 60 67 55 44 46 58 65 73 76 70 63 60 50 57 64 49 21 16 13 14 4 3 -3 -1 -1 -1 0 -1 -3 -1 27 25 36 35 30 46 56 63 59 52 49 43 51 58 44 37 43 57 69 63 52 39 43 62 53 62 47 44 61 60 60
40 48 47 48 52 59 62 44 39 33 32 21 20 20 20 19 20 17 18 16 13 20 28 35 39 27 37 41 47 44 28 23 33 44 49 58 61 57 47 39 59 70 71 67 64 71 68 59 41 43 41 23 18 15 13 10 5 -4 -1 -1 -2 3 -4 -4 9 34 22 19 26 46 60 68 63 56 51 46 41 60 66 53 43 38 54 64 67 61 48 36 49 61 48 44 40 45 55 52
51 49 51 57 62 59 55 52 41 38 36 25 19 17 18 18 20 17 18 16 15 14 22 26 30 25 32 35 41 44 34 26 27 37 50 50 55 59 50 39 50 58 62 59 62 69 58 47 55 51 39 36 18 15 13 12 1 0 -2 3 -1 -4 -1 -3 26 40 15 15 40 53 58 68 67 59 51 40 40 53 61 56 51 35 49 61 60 50 41 40 34 37 42 36 36 52 51 54
50 54 55 52 54 56 57 50 43 34 33 30 20 23 23 18 15 15 17 18 15 13 15 19 18 27 37 37 38 40 36 24 21 37 53 54 54 57 49 36 44 54 60 64 69 70 65 63 60 56 53 33 14 15 14 7 2 -4 -3 -1 -3 -1 0 -1 17 27 13 22 39 46 59 66 65 55 54 50 40 43 49 53 47 36 56 59 56 50 55 48 41 31 28 32 33 44 44 53
47 48 47 48 50 49 49 50 48 43 32 24 24 40 40 35 23 19 15 16 16 12 12 11 17 21 27 31 36 36 35 24 21 35 40 48 47 48 48 33 53 57 64 57 65 70 71 63 53 49 55 42 16 14 13 10 6 -10 -1 -1 -2 0 0 -4 -1 -1 25 38 24 38 62 62 63 55 50 45 38 44 48 44 45 34 53 54 49 54 51 59 55 36 32 26 25 30 38 39
42 48 44 44 49 53 44 46 47 45 38 36 32 37 38 35 42 37 23 13 15 13 11 11 13 19 20 21 31 33 31 23 20 30 35 38 42 39 29 34 42 47 56 60 66 68 63 64 62 60 42 18 14 14 14 13 8 -6 -2 -1 -1 0 -3 -1 0 48 31 50 50 57 58 59 60 60 61 50 38 35 45 36 42 38 40 45 44 54 53 53 41 38 39 40 30 21 23 32
40 43 36 39 48 48 40 42 45 43 46 45 44 45 38 33 31 38 42 18 14 13 13 10 13 21 20 20 29 33 30 22 17 25 35 34 34 26 33 38 46 59 62 62 65 61 54 50 60 53 34 16 14 13 13 12 5 -7 -2 -1 -1 0 -1 -1 1 48 47 53 61 62 58 54 55 57 54 48 46 44 30 28 30 34 37 39 47 49 52 55 35 33 40 49 42 31 27 24
38 41 36 37 42 40 38 44 41 39 39 37 45 47 41 34 36 32 45 39 15 13 16 14 12 19 18 20 24 29 29 26 18 21 32 31 26 34 45 50 51 53 50 57 64 57 39 40 59 56 58 37 15 13 12 5 -1 -1 -1 -2 -2 -1 -1 -1 0 29 38 53 60 53 56 54 48 57 54 52 51 51 40 43 42 33 24 36 41 41 50 40 34 33 32 38 44 38 37 18
35 39 38 30 34 29 38 45 40 35 33 33 41 44 45 39 34 29 32 41 19 14 12 13 13 19 18 16 20 27 27 25 19 17 33 27 29 38 40 47 47 44 54 57 57 49 35 33 49 43 32 17 14 11 10 9 -2 -3 -2 -2 -3 -2 -2 -1 0 43 43 55 57 48 47 51 56 55 54 53 55 55 53 48 37 32 26 21 27 33 46 31 31 34 23 30 47 42 30 17
30 31 34 32 26 31 35 38 41 39 29 28 35 38 41 41 42 36 26 33 30 10 11 13 9 16 18 16 16 23 25 25 17 17 30 20 25 29 38 39 34 41 48 55 55 42 31 23 24 25 18 12 8 2 9 9 -2 -6 -2 -2 -3 -3 -2 -1 -1 44 49 51 54 50 42 54 49 52 55 53 51 50 51 51 45 42 35 41 34 22 28 34 29 28 37 46 49 49 32 16
31 28 29 30 26 27 27 34 32 35 31 24 25 30 33 34 37 34 26 28 34 13 10 10 9 17 17 16 15 19 23 21 13 16 22 17 26 26 28 30 42 48 50 52 55 52 46 41 43 24 11 7 1 13 13 6 -2 -2 -2 -3 -3 -3 -2 -2 -1 50 49 51 50 49 40 46 44 50 50 52 51 46 49 52 48 46 37 33 34 32 26 17 17 35 34 36 43 34 28 18
34 31 25 29 28 23 25 30 29 32 29 25 20 21 23 29 33 27 27 22 35 20 10 10 9 11 16 13 12 17 19 15 12 18 16 22 25 26 33 40 38 45 48 51 49 50 51 45 44 24 12 8 0 3 9 -1 -2 -3 -2 -3 -3 -3 -3 -3 -1 42 40 46 46 45 41 36 47 48 47 49 50 46 40 44 45 45 45 42 40 44 39 31 20 19 28 21 23 23 22 26
29 25 21 26 28 22 23 23 26 27 26 26 28 24 18 22 33 23 23 19 28 23 7 7 9 12 14 10 10 13 16 12 11 14 14 25 24 26 36 38 42 46 47 48 45 44 53 46 32 21 14 10 6 0 -1 -2 -2 -1 -2 -3 -3 -3 -3 -3 -2 6 36 39 44 42 41 32 40 43 50 48 49 49 43 38 45 43 45 45 41 30 28 24 21 18 26 20 15 14 14 25
29 25 21 26 21 20 16 20 24 20 19 23 28 29 28 20 16 17 14 18 29 16 8 6 9 9 11 12 8 13 12 11 11 12 12 20 23 24 27 33 40 42 47 47 46 39 42 46 29 21 14 10 9 9 0 -2 -3 -2 -3 -3 -3 -3 -3 -3 -3 0 35 33 37 38 36 28 35 43 49 43 47 46 43 37 35 39 37 42 41 36 35 25 19 13 18 17 11 12 28 39
40 32 23 17 17 17 15 20 21 15 21 23 23 24 25 23 17 13 12 21 25 21 9 7 9 6 7 9 11 14 13 12 10 11 14 21 21 20 23 23 30 37 43 42 45 43 33 30 27 20 16 12 8 7 -1 -2 -3 -2 -3 -3 -4 -3 -3 -3 -3 27 42 39 37 35 29 24 38 42 43 38 43 44 43 40 40 33 31 37 35 36 37 31 24 18 12 12 10 14 29 39
39 37 33 24 15 15 13 13 15 17 18 19 21 22 22 19 16 12 9 14 19 20 11 8 7 4 8 6 7 10 10 12 9 10 11 15 19 18 21 27 40 38 37 41 44 40 37 27 20 19 18 13 12 0 -2 -2 -3 -1 -4 -4 -4 -4 -4 -3 0 41 39 38 36 34 27 26 34 40 38 34 39 42 42 40 39 38 30 27 25 27 34 23 17 19 28 23 12 11 16 30
29 27 27 21 16 11 10 13 13 14 15 18 19 18 19 18 18 13 7 10 11 11 9 6 6 5 9 7 7 6 9 11 9 7 8 14 18 17 22 27 34 38 40 41 42 43 37 19 14 15 16 13 13 -1 -3 -3 -4 0 -3 -4 -4 -4 -2 -1 21 38 35 31 29 27 28 20 26 31 30 37 39 39 36 36 35 34 31 26 26 22 28 19 25 14 18 27 7 -4 10 16
21 18 16 12 11 11 11 16 16 16 16 16 14 14 13 11 12 13 7 4 3 3 2 4 1 4 8 8 8 6 5 6 6 6 8 11 15 14 23 29 31 35 38 39 34 39 35 17 12 13 13 12 13 0 -3 -3 -3 -3 -4 -4 -4 -3 -2 -1 14 29 33 31 34 28 23 2 34 34 33 35 36 37 35 33 31 31 30 27 29 25 20 26 31 20 12 13 4 -3 8 10
16 10 8 7 8 8 11 12 15 17 16 15 14 15 13 9 10 14 13 9 6 7 2 2 3 2 6 6 6 6 4 4 5 7 5 6 11 17 26 30 30 35 36 35 33 33 35 20 13 10 11 12 12 0 -2 -3 -3 -3 -5 -4 -4 -3 -2 -2 0 27 27 27 26 26 24 4 30 34 35 32 34 34 34 33 32 32 30 30 30 27 27 33 32 27 15 16 10 -2 -2 7
5 4 9 14 14 11 12 11 14 13 14 14 14 15 14 9 7 7 8 8 8 9 1 -1 -4 1 5 6 5 3 2 2 5 5 4 4 12 16 23 26 28 31 32 31 25 24 30 21 15 11 9 9 9 -1 -2 -3 -3 -3 -3 -3 -4 -3 -3 -2 0 25 25 24 22 19 11 3 25 29 30 29 31 31 32 31 30 30 31 32 27 24 26 28 25 20 22 25 13 7 -2 -3
