M05 Assignment/Charleston.txt
ncols        354
nrows        366
xllcorner    -82.891666666667
yllcorner    30.441666666667
cellsize     0.016666666667
[rows 141 to 187 of 366, columns 96 to 191 of 354]
104 104 105 104 95 81 73 80 94 106 87 105 124 142 155 151 148 134 133 137 130 125 120 113 106 89 86 84 89 102 107 102 110 94 79 72 74 46 42 46 48 46 48 52 66 76 67 62 77 87 93 101 90 82 74 79 80 77 62 67 65 63 60 57 57 55 48 54 56 56 57 53 52 50 48 47 50 49 47 46 47 46 45 45 44 44 42 39 39 43 44 40 40 36 34 32
122 125 117 113 104 101 92 73 81 99 83 92 105 118 139 135 121 126 123 132 130 125 120 113 110 107 98 87 97 110 107 105 97 82 97 69 52 43 45 43 44 47 48 54 67 61 62 69 73 84 88 91 103 109 92 74 69 67 61 64 65 63 60 57 57 56 49 47 54 55 55 54 53 53 50 47 45 45 47 46 44 46 47 46 44 41 43 41 39 38 37 33 26 26 25 25
126 129 120 107 105 94 87 91 67 75 93 102 112 133 141 138 115 101 117 117 112 119 118 123 123 118 106 98 104 93 76 81 75 67 70 58 50 43 45 45 42 45 48 53 55 63 70 85 90 85 84 104 95 90 85 76 71 68 61 60 64 61 59 57 55 55 52 47 46 50 52 54 53 52 51 49 48 46 44 44 47 44 45 46 44 42 39 39 39 37 37 32 27 24 24 24
124 125 123 119 122 113 110 99 72 67 75 96 109 116 129 124 103 97 107 101 103 103 105 114 131 125 118 107 87 77 71 65 70 60 58 61 49 45 47 47 44 43 47 51 65 77 82 80 83 74 84 97 122 104 90 83 70 64 64 57 61 60 58 58 54 55 53 52 49 44 48 51 52 51 49 48 48 46 46 43 46 45 43 44 44 44 43 41 39 39 38 31 26 27 26 26
111 112 116 122 128 123 105 84 72 61 60 90 86 106 113 101 89 88 90 99 104 106 116 123 133 126 112 100 87 88 79 81 69 61 62 56 71 54 41 44 44 44 49 53 57 74 80 71 77 71 74 92 116 114 97 73 64 61 60 58 56 59 56 55 52 53 53 53 52 47 44 45 48 49 49 46 47 47 45 46 42 45 43 41 43 45 42 42 40 42 40 41 30 29 28 28
113 108 109 115 117 105 109 97 84 87 68 63 83 92 100 83 78 84 106 102 97 92 106 108 110 122 119 106 94 96 105 104 82 71 73 74 79 58 47 47 45 40 47 51 55 71 68 63 64 73 105 111 105 92 80 67 61 58 56 54 52 57 54 52 50 51 52 51 51 51 46 44 43 45 48 48 46 45 44 45 42 44 43 42 40 42 42 42 42 41 38 36 33 31 28 27
108 108 112 126 116 104 103 89 96 95 90 64 74 106 78 67 80 95 109 99 83 88 90 99 99 102 121 111 98 87 90 96 100 96 90 69 60 48 47 45 39 40 44 49 55 57 57 70 78 100 81 95 94 82 70 66 59 55 55 52 50 55 54 53 49 49 52 49 51 49 49 47 43 42 43 46 47 45 42 41 39 41 41 40 39 42 41 39 41 37 36 34 35 37 30 29
108 108 115 119 101 88 88 83 77 89 83 66 56 89 64 81 101 93 104 95 72 87 95 89 89 101 115 100 103 103 85 82 99 103 95 106 75 44 41 42 38 42 42 49 54 53 66 73 67 67 84 92 81 69 64 60 56 53 53 52 49 53 52 50 49 46 47 47 49 48 49 48 46 43 42 41 42 44 45 44 40 38 41 40 38 41 40 36 38 36 35 34 37 37 33 29
108 108 108 108 91 71 68 68 68 89 80 87 60 63 96 95 97 98 92 84 80 86 79 80 92 111 133 138 135 107 90 76 87 88 108 116 102 60 38 38 38 43 43 47 46 50 62 59 59 74 79 81 71 66 60 57 53 50 51 52 49 52 50 49 48 45 42 46 48 48 49 49 49 47 44 42 39 40 42 43 43 38 38 37 36 36 37 37 36 35 31 29 29 30 33 33
118 116 110 109 111 93 92 70 70 70 72 83 85 62 85 85 89 94 81 77 68 76 87 93 106 138 136 122 137 132 94 75 72 89 86 86 72 50 37 36 38 41 41 43 49 52 57 71 81 108 91 74 67 63 56 54 51 51 50 49 48 49 51 47 47 44 43 46 47 48 49 48 48 47 46 46 41 40 40 40 41 42 41 39 34 32 34 35 33 29 29 27 25 24 30 35
148 144 129 117 106 100 85 77 104 93 81 67 71 59 84 86 88 86 78 61 67 84 111 123 136 153 126 98 115 123 100 105 89 68 78 80 83 49 35 35 38 39 41 45 51 73 97 104 108 101 81 68 62 58 54 53 50 49 49 47 47 46 44 44 44 43 42 44 46 47 48 48 47 47 46 45 44 44 43 41 38 38 37 39 37 36 33 30 29 29 28 27 24 25 25 32
151 144 126 113 105 92 90 98 104 105 96 86 84 69 56 87 83 94 81 56 65 75 95 99 116 131 110 91 102 114 101 82 80 65 57 76 73 53 39 37 39 36 40 43 50 67 86 102 99 84 72 66 59 57 56 54 52 46 47 44 45 43 43 42 43 42 40 44 45 46 47 46 45 44 44 45 45 42 43 43 41 37 35 35 36 38 35 29 28 29 28 28 27 25 25 23
143 131 129 115 96 107 114 108 109 94 85 87 91 77 53 49 71 75 60 74 76 88 84 95 104 126 108 84 95 120 119 117 116 88 73 56 59 65 65 37 35 36 40 41 47 78 89 95 95 73 65 61 58 56 56 56 54 47 45 43 40 42 41 40 43 43 41 43 43 44 45 44 44 43 43 45 43 40 41 41 39 40 38 33 32 32 29 29 30 29 29 30 27 24 24 20
131 122 113 113 119 123 133 107 100 97 81 72 76 66 39 39 49 52 50 66 69 81 79 81 92 112 122 84 96 126 124 102 96 114 88 74 66 54 50 37 37 35 34 36 44 63 77 87 79 68 64 59 57 54 55 54 55 48 42 42 40 41 42 40 42 41 39 41 42 44 45 45 43 42 41 43 43 41 39 40 39 39 38 37 34 32 31 30 30 29 29 32 28 24 21 19
121 117 119 123 110 104 99 93 79 79 75 62 57 57 49 44 38 40 45 52 53 57 67 75 80 84 96 83 80 96 115 95 95 117 109 96 95 70 46 35 35 33 34 36 53 88 95 89 69 64 60 56 55 52 54 52 52 47 43 46 44 44 41 39 40 40 39 40 41 44 43 42 42 43 40 42 42 41 41 37 38 37 36 35 34 33 33 31 30 31 29 29 27 26 23 20
129 114 106 101 93 94 82 83 78 68 58 54 52 51 44 44 39 37 41 46 46 53 60 62 66 68 70 75 70 78 85 87 91 97 114 105 103 80 61 40 34 32 34 35 51 76 96 77 66 62 58 56 55 54 53 52 53 47 45 46 45 43 42 38 38 40 38 39 43 45 46 44 42 40 37 40 34 37 41 37 35 35 35 35 34 36 32 32 30 28 28 28 27 25 22 22
118 113 122 120 113 93 81 66 60 58 58 64 73 68 45 40 40 40 38 40 45 49 51 51 58 61 62 68 66 71 71 70 69 77 87 94 107 104 76 40 32 32 34 35 47 75 92 69 61 59 57 56 55 53 50 48 52 47 45 45 45 45 43 42 40 36 36 38 42 44 46 45 43 40 36 38 35 35 36 35 35 34 33 33 33 33 31 30 28 26 25 24 26 28 23 21
126 134 141 121 113 78 76 93 83 75 65 87 90 59 47 40 41 40 44 39 41 43 45 46 50 51 52 59 58 65 64 60 61 63 67 78 88 101 77 51 33 31 31 32 50 80 78 64 60 56 55 56 54 54 52 47 47 50 46 46 46 46 45 44 46 40 36 36 40 41 41 42 41 38 35 40 41 38 35 34 32 32 33 33 32 34 31 28 26 25 23 21 24 28 26 25
121 133 105 86 83 88 105 108 88 70 77 112 102 71 53 49 44 42 40 42 43 42 42 45 43 47 51 55 54 54 56 55 55 56 57 61 65 72 73 55 33 31 34 36 54 77 69 64 60 54 51 50 50 50 46 44 42 47 45 46 47 48 47 45 45 43 40 34 34 36 38 38 38 36 36 38 36 31 34 30 31 33 32 32 31 30 29 28 27 25 22 22 25 24 23 23
104 113 111 91 125 139 125 86 84 99 88 110 103 77 86 76 50 42 43 40 39 40 39 42 42 43 47 49 51 51 52 51 48 49 52 52 54 55 58 50 33 33 36 36 60 75 66 63 57 52 53 54 56 50 52 50 45 38 43 45 46 47 47 44 44 46 43 36 33 33 36 38 37 35 36 32 31 31 31 28 31 33 32 29 28 28 27 27 25 25 27 23 24 21 19 22
142 154 125 99 145 142 112 101 131 110 100 126 110 87 85 63 58 57 40 39 39 41 40 40 37 39 41 46 47 48 48 47 45 44 47 47 47 47 51 43 35 35 35 36 66 71 65 61 57 55 56 56 55 52 56 54 55 44 38 44 45 46 47 45 43 43 41 38 33 30 34 35 35 34 33 31 30 30 30 28 29 32 31 28 27 26 26 24 26 25 29 24 25 23 21 18
161 141 115 116 157 159 132 137 139 104 124 146 135 118 91 89 91 76 45 39 36 43 40 34 35 38 40 42 42 41 42 43 38 36 40 41 41 42 44 46 33 34 34 36 71 68 65 64 59 56 59 59 55 52 56 56 55 45 36 43 45 46 45 45 42 39 38 37 34 29 31 32 33 33 33 32 31 29 29 24 28 29 29 27 26 27 28 25 26 26 26 25 24 22 20 21
149 145 140 139 147 159 156 154 140 127 146 146 130 120 119 114 91 75 56 44 43 45 41 35 34 39 41 41 42 41 39 38 35 36 38 36 37 38 40 40 33 33 32 31 53 65 67 68 65 61 61 59 55 52 56 58 55 46 40 38 43 43 44 46 44 39 37 34 32 28 25 30 31 32 31 31 31 30 30 26 25 27 27 26 26 25 28 28 24 24 24 21 21 18 19 18
135 133 137 128 130 145 150 143 144 133 137 139 118 93 83 92 83 68 53 54 69 82 83 40 34 35 40 42 41 40 37 35 35 33 34 31 30 29 31 34 33 31 29 33 52 62 63 70 66 62 64 59 54 53 55 58 56 47 44 40 34 38 42 43 44 40 38 37 37 31 28 24 30 32 33 36 33 30 27 25 23 26 25 25 26 26 25 24 23 24 23 21 19 18 21 21
137 131 136 122 122 141 149 140 131 128 129 141 134 123 99 75 69 68 80 90 100 98 91 59 37 39 47 37 39 41 38 37 37 36 34 32 28 27 28 29 27 27 27 45 66 64 66 73 66 62 62 58 55 56 58 59 56 48 46 44 38 32 38 42 41 41 39 39 38 35 33 29 28 31 35 33 32 32 29 26 22 26 29 27 26 24 23 24 21 24 23 21 19 19 18 22
133 123 127 115 133 144 149 144 135 118 126 127 125 131 106 86 99 104 102 105 86 72 65 59 53 64 82 59 66 73 38 38 35 36 35 32 30 36 28 29 28 28 27 30 59 64 68 73 67 65 62 55 57 56 58 58 57 51 45 42 37 34 32 40 38 40 40 40 40 39 36 31 28 26 29 31 31 28 28 26 22 26 31 25 27 24 23 23 20 21 23 23 20 20 22 24
131 124 110 131 138 148 136 137 132 114 112 112 122 125 121 113 124 108 89 99 77 80 76 64 90 79 88 79 86 95 74 56 66 64 71 68 52 50 49 31 29 29 27 28 50 63 68 73 66 62 61 55 55 55 57 57 56 53 48 40 40 38 32 33 36 39 37 36 40 37 34 30 30 27 23 28 28 26 26 26 22 24 25 22 23 20 19 18 18 21 20 22 22 24 22 19
117 123 106 124 139 135 129 121 132 129 111 106 117 117 120 118 125 116 101 82 86 101 72 81 100 101 103 97 96 79 64 64 80 71 65 55 69 69 68 54 31 27 28 26 31 58 63 69 64 59 59 56 54 53 53 56 56 53 47 42 44 40 39 30 30 35 34 33 34 33 32 29 26 23 22 23 26 25 24 23 20 20 20 22 23 20 20 20 17 21 26 23 22 24 22 20
97 117 103 117 131 122 115 119 128 126 123 104 105 104 109 123 128 112 111 97 107 88 92 105 103 107 89 81 73 68 60 78 75 79 68 67 75 82 69 65 40 26 26 25 24 47 60 59 59 57 58 56 54 54 53 54 56 51 43 45 44 44 45 39 30 27 30 31 30 30 25 23 24 23 21 22 24 23 21 19 18 18 16 17 18 20 21 18 18 25 28 25 22 24 24 28
89 107 100 122 122 120 105 115 127 125 122 107 89 109 117 122 111 104 113 116 110 107 103 107 108 104 106 92 77 87 84 92 86 87 76 83 82 80 67 61 49 30 27 24 24 37 52 54 56 54 55 56 55 53 51 51 51 45 47 47 45 47 46 40 40 29 26 26 26 25 23 28 34 30 24 21 21 20 21 27 23 20 16 15 15 22 18 20 22 24 24 21 22 25 25 24
108 98 88 101 109 110 101 114 120 118 123 107 87 101 105 114 106 98 107 115 105 101 105 93 95 99 106 95 85 95 90 86 74 76 75 78 78 72 67 63 57 44 32 26 24 25 43 53 48 50 55 55 54 52 50 49 47 49 49 50 49 49 43 39 38 35 34 27 26 27 28 36 35 31 27 28 26 27 26 26 22 22 21 18 15 17 16 23 20 21 20 21 21 24 23 22
134 121 98 89 85 92 95 110 108 116 115 109 88 86 100 101 94 99 111 119 108 95 99 95 87 100 94 92 99 96 88 80 76 73 72 64 72 69 61 56 50 54 52 32 25 24 31 42 42 47 49 49 51 49 50 51 50 50 52 51 51 50 42 37 35 38 33 34 34 27 33 38 37 33 29 25 25 25 25 24 22 24 22 20 16 13 12 16 19 22 20 20 21 24 22 21
131 121 118 113 95 85 80 86 92 107 105 112 100 80 86 83 92 104 112 108 112 105 89 86 96 96 85 95 97 92 84 79 84 73 66 61 51 65 65 61 58 58 51 41 29 25 24 30 35 42 45 44 48 47 46 48 50 50 51 50 49 46 40 36 36 38 37 37 33 33 38 36 35 31 27 22 23 24 22 21 20 21 19 17 17 14 14 14 19 21 19 19 21 21 24 23
122 110 108 99 99 109 95 79 82 88 92 102 102 91 73 92 100 105 100 97 106 103 99 82 87 80 87 90 88 98 96 83 71 70 74 79 63 50 56 65 63 59 51 45 34 24 23 28 30 33 41 39 44 45 43 45 45 48 48 48 48 42 39 37 37 40 40 40 34 39 41 35 32 29 26 24 24 25 24 21 20 19 17 17 17 14 14 15 19 21 18 19 21 23 24 23
130 118 117 105 113 114 109 95 79 75 82 87 96 94 75 82 98 89 97 91 95 93 99 87 75 87 84 80 94 106 99 88 82 81 70 65 61 58 48 58 60 54 50 45 32 24 23 24 30 29 29 37 41 42 40 44 44 43 45 45 44 42 40 39 40 42 41 41 36 38 38 36 30 27 26 25 22 25 22 21 20 17 18 16 17 19 14 16 17 18 18 21 21 22 23 24
114 124 118 116 111 103 101 100 95 78 69 74 80 83 75 80 90 83 99 93 83 91 96 86 73 80 78 96 98 102 87 81 65 66 70 62 58 59 57 45 47 47 38 36 35 23 23 23 26 29 31 30 34 37 39 42 43 40 43 41 42 41 40 38 35 37 38 40 38 39 38 33 29 24 25 23 24 25 22 19 19 20 20 19 23 29 24 15 14 18 18 20 23 19 22 22
107 112 114 116 112 112 95 92 87 78 80 73 70 63 64 69 78 80 91 92 78 85 97 86 72 70 79 93 102 86 78 79 62 63 63 60 57 57 59 55 50 40 49 52 51 30 23 23 23 24 30 29 28 29 33 35 34 39 41 37 36 37 35 33 28 30 30 38 38 39 39 33 28 26 25 22 22 23 22 21 20 22 23 22 23 24 21 20 18 17 15 15 16 14 18 18
99 105 107 103 103 110 105 105 96 86 95 89 80 73 76 79 65 69 76 82 73 86 85 87 71 68 81 97 98 78 70 70 64 59 59 56 53 54 58 57 51 48 53 53 52 42 29 23 25 27 23 29 29 29 32 30 31 34 37 34 32 34 33 30 27 27 33 38 38 38 39 33 25 25 26 23 20 20 22 23 23 23 22 22 24 23 20 21 21 23 24 19 18 11 12 11
92 93 96 89 102 102 103 102 100 100 100 89 82 83 81 88 72 67 61 66 69 77 77 87 71 70 81 95 89 82 65 67 63 55 53 52 50 52 53 52 53 52 53 52 52 48 39 30 23 24 23 25 31 31 28 26 29 29 31 32 32 29 31 32 26 29 33 38 34 33 34 29 23 24 22 22 21 21 25 23 23 23 23 23 23 23 22 24 22 24 23 20 17 16 17 13
91 95 91 86 94 92 95 90 98 104 98 90 91 96 93 85 84 85 71 60 65 66 74 82 65 76 92 90 82 71 67 62 61 56 52 49 50 51 50 52 52 53 52 52 47 44 42 40 28 23 23 26 27 27 27 25 27 26 26 30 32 27 28 26 27 32 32 38 33 25 24 15 14 16 18 22 21 22 27 23 24 24 24 25 25 24 24 25 23 24 23 20 17 19 20 20
93 86 80 83 94 90 83 89 98 94 90 96 96 99 97 92 87 81 76 67 68 59 61 67 65 82 88 79 73 66 63 59 55 55 52 48 49 50 50 50 51 52 53 51 48 45 41 48 40 24 23 27 25 25 26 28 27 28 24 25 31 30 24 23 23 23 23 18 14 15 14 11 12 14 14 14 16 14 13 20 23 23 24 24 26 26 27 26 23 22 21 19 17 18 19 22
93 82 71 83 89 86 78 87 97 87 82 92 86 83 90 90 80 75 73 78 74 68 62 56 61 74 77 71 66 62 58 56 52 48 48 47 47 48 51 52 49 50 52 53 51 47 48 47 46 36 25 23 27 28 28 27 25 25 24 23 24 24 23 23 23 23 19 17 14 13 11 13 16 18 17 14 14 13 13 13 17 22 24 24 28 29 26 24 23 22 22 20 21 21 21 20
74 77 74 84 83 74 80 89 88 79 80 89 85 77 84 83 89 87 88 85 82 82 81 65 53 61 64 64 64 60 57 57 55 52 52 52 48 44 48 47 48 50 51 50 50 48 47 43 42 38 35 24 23 24 27 28 23 23 23 23 23 23 23 23 23 23 23 15 15 16 17 16 18 18 16 14 13 15 16 15 15 16 20 26 24 26 24 22 22 21 21 23 23 24 22 20
64 63 66 77 74 78 85 88 83 71 78 84 77 72 84 76 84 86 88 94 93 86 76 68 58 57 60 60 60 57 56 55 55 52 50 49 47 46 44 47 48 51 50 49 48 45 42 41 41 40 40 36 26 23 23 23 23 23 23 23 23 23 23 23 23 23 23 18 14 19 19 17 17 17 16 15 16 15 16 15 15 16 16 20 23 21 23 22 21 22 25 27 25 25 22 19
68 65 63 65 64 74 73 81 76 67 80 78 74 67 70 74 81 79 85 90 92 81 81 76 59 52 59 59 58 57 59 56 54 51 50 51 51 48 47 46 45 48 49 50 47 43 40 41 43 44 43 41 40 28 23 23 23 23 23 23 23 23 23 23 23 23 23 21 20 23 19 19 19 22 22 23 21 19 18 18 16 14 14 15 14 18 20 21 21 22 22 23 24 23 23 21
83 81 74 66 60 58 63 67 66 71 78 70 76 75 64 70 78 76 83 83 84 76 71 62 56 49 61 61 59 58 56 55 53 53 52 53 53 51 49 47 45 45 45 45 43 38 38 39 41 42 42 39 41 37 35 28 24 23 23 24 24 23 22 24 23 23 23 23 22 21 23 24 24 26 28 28 25 24 27 26 24 19 11 13 11 15 16 16 19 20 21 21 23 21 23 22
92 84 76 70 65 61 57 59 60 65 68 67 70 73 69 68 77 73 72 76 72 68 62 58 53 48 58 58 55 58 56 55 52 51 51 54 53 53 47 44 40 42 41 41 40 36 37 38 37 38 38 39 40 39 36 36 34 28 25 25 27 25 23 23 23 24 23 23 24 24 27 28 28 29 29 27 29 29 28 28 26 24 22 15 9 11 14 13 14 15 21 19 19 22 20 21
