M05 Assignment/CharlestonSC.asc
ncols        43
nrows        24
xllcorner    -80.341666666667
yllcorner    32.675000000000
cellsize     0.016666666667
 20 18 15 14 18 20 20 21 22 24 27 29 29 28 27 23 20 15 13 11 11 8 11 6 -1 -4 2 2 4 7 9 10 9 10 9 12 12 15 15 16 12 11 10
 20 21 14 14 19 21 21 22 24 26 30 29 29 26 22 18 14 12 12 12 14 12 5 5 -4 2 10 7 8 12 11 14 12 12 11 11 13 17 16 12 11 12 9
 20 17 12 15 20 19 21 24 25 27 27 25 24 21 17 14 15 14 14 12 13 11 7 0 1 -8 8 11 8 7 11 13 13 14 13 13 16 17 13 11 9 7 6
 17 13 12 15 20 19 23 27 30 26 23 27 24 20 12 14 11 16 12 14 13 9 9 0 -1 -8 -3 11 9 8 11 13 14 15 15 14 17 15 11 8 7 8 8
 20 23 14 12 19 22 25 25 25 24 25 21 21 18 14 12 11 12 13 10 10 10 8 6 -3 -3 -9 8 10 10 10 13 16 14 16 16 14 11 8 8 7 8 9
 20 20 14 12 19 23 23 20 20 20 17 21 21 18 16 11 12 9 10 9 6 6 6 2 3 -9 2 6 11 12 12 12 16 17 14 11 9 6 7 9 8 9 8
 17 16 13 12 11 12 16 18 17 14 13 13 16 16 16 10 13 10 6 8 8 10 12 5 -4 -5 3 8 11 15 16 18 18 12 8 5 4 5 8 10 9 8 1
 11 12 13 13 9 13 14 13 11 11 10 13 14 17 9 8 10 9 2 9 10 7 8 8 -7 -1 1 15 17 17 18 14 8 1 0 6 4 7 9 9 7 0 -2
 11 13 14 8 9 11 14 13 13 15 15 7 11 11 9 7 9 10 9 5 4 0 2 6 -10 1 8 18 14 14 0 -2 -3 -3 1 4 6 1 9 6 4 -1 -4
 13 13 10 12 13 11 11 13 13 13 14 6 1 8 9 9 9 12 12 8 4 11 1 -3 -6 0 13 11 8 5 -1 -1 6 0 -2 0 0 6 5 1 -2 -2 -3
 14 13 11 12 14 13 13 12 12 13 14 13 1 -4 4 7 12 11 12 12 12 7 -8 -3 -1 11 0 -3 4 0 -1 7 7 5 8 10 10 7 1 -1 -6 -2 1
 14 13 15 13 13 14 11 11 9 11 12 14 16 11 0 -2 4 10 8 8 9 10 -8 -2 2 0 4 -1 0 -3 2 5 8 8 9 7 6 0 -1 -1 -2 -3 -1
 16 16 13 13 11 12 12 10 9 7 9 16 14 10 9 10 -1 7 8 9 9 7 -9 -1 0 0 -2 -5 -5 -1 2 -2 8 9 5 0 -1 -1 -2 3 -2 -2 -4
 14 15 12 12 14 12 12 7 7 8 7 9 11 10 9 6 8 -4 -1 9 7 7 5 -9 -8 0 -6 0 5 3 6 9 10 7 4 -1 -1 -1 -3 -3 -5 -6 -6
 15 14 14 14 15 13 14 12 9 6 4 5 9 9 10 8 6 5 -1 -3 -2 -2 -2 -2 -7 0 -7 1 1 7 8 8 8 1 -2 -8 -4 0 -1 -4 -6 -7 -7
 13 14 13 10 11 12 12 14 11 5 4 0 8 9 8 8 8 6 6 1 8 6 -2 5 -5 -6 -2 8 8 7 9 4 1 -1 -2 -1 2 -2 -3 -6 -7 -8 -8
 12 12 9 8 8 10 11 9 7 4 3 4 -2 4 5 8 7 6 7 8 8 2 -3 6 0 -8 0 8 8 8 3 0 -1 0 2 -2 -2 -2 -4 -7 -8 -9 -9
 13 10 7 11 15 15 15 13 10 6 0 0 -1 -1 -2 -1 1 -2 4 4 6 5 -7 -4 7 -8 -3 -3 4 0 -1 -3 0 -2 -4 -4 -5 -6 -7 -9 -10 -10 -11
 9 9 18 17 18 16 14 12 10 7 8 3 0 8 8 7 -2 2 -2 -2 -3 4 4 -2 -5 -9 -4 -9 -5 0 1 -1 -3 -4 -5 -5 -5 -8 -9 -10 -11 -11 -11
 16 19 20 16 15 14 14 12 12 12 4 0 0 11 12 10 10 9 8 -1 1 7 0 1 3 0 -5 -2 -5 -6 -3 -4 -4 -6 -6 -7 -7 -9 -11 -11 -12 -13 -12
 18 17 15 13 11 11 9 9 10 9 -1 8 7 10 10 10 12 11 11 2 -2 6 7 7 8 6 0 -1 -4 -7 -9 -5 -6 -7 -8 -8 -8 -11 -11 -12 -12 -11 -11
 17 13 11 10 7 6 3 2 0 0 0 6 4 2 0 8 10 9 9 8 -5 -6 9 7 0 -3 -2 0 -3 -5 -4 -6 -10 -8 -8 -8 -10 -10 -12 -12 -13 -12 -13
 9 6 8 4 5 4 1 -2 -1 1 5 6 6 9 10 5 9 11 11 9 3 -4 6 1 -1 0 0 -1 -4 -3 -4 -6 -7 -8 -10 -10 -11 -12 -12 -12 -13 -12 -12
 0 0 -2 1 11 -1 -5 -1 7 10 11 10 8 7 0 2 12 10 10 4 -8 1 0 0 0 -1 -1 -1 -4 -4 -6 -8 -9 -10 -10 -11 -11 -12 -13 -13 -14 -14 -14
