M05 Assignment/Charleston.txt
ncols        354
nrows        366
xllcorner    -82.891666666667
yllcorner    30.441666666667
cellsize     0.016666666667
[rows 0 to 46 of 366, columns 96 to 191 of 354]
865 843 865 860 807 839 798 827 875 959 964 900 867 847 811 780 806 856 840 834 858 861 660 509 484 441 500 476 462 435 422 409 414 397 376 383 372 362 383 368 352 369 350 372 408 460 502 492 488 459 434 406 376 365 335 343 345 338 329 329 316 314 331 348 344 337 343 332 320 314 303 288 284 288 288 288 267 254 253 280 291 278 297 292 289 259 226 221 225 235 218 198 204 210 203 185
924 942 943 865 817 843 864 962 952 935 926 868 832 837 815 800 796 829 837 839 872 855 728 479 453 425 424 454 497 441 409 394 398 387 369 349 353 350 363 357 328 331 331 353 391 450 479 483 464 422 372 360 373 379 363 341 341 329 307 300 309 294 318 338 322 317 325 329 329 329 320 315 308 295 280 277 281 245 241 256 254 278 298 284 255 254 237 217 204 208 209 195 184 196 188 178
875 921 905 877 856 870 966 1060 986 908 877 860 857 887 839 796 803 799 828 842 859 880 677 479 445 443 410 453 427 411 397 386 370 383 384 367 365 340 341 337 321 320 329 339 386 423 457 466 422 389 363 354 343 337 347 344 337 333 321 286 292 284 310 338 341 326 321 298 317 336 334 328 312 311 304 317 293 262 250 229 255 285 288 262 241 223 225 220 208 194 193 188 180 186 180 172
877 914 943 959 945 993 1089 1030 954 907 885 894 867 830 812 815 808 806 819 846 819 683 635 544 527 464 419 393 459 434 382 367 361 360 388 401 380 355 323 329 318 311 334 357 378 404 450 418 386 367 371 362 351 345 319 324 311 304 309 303 275 298 327 340 333 316 301 285 302 310 312 329 330 322 310 298 290 283 253 234 244 269 265 253 231 218 212 196 188 185 173 170 170 174 171 172
914 963 974 1050 1164 1093 1037 964 925 913 891 869 834 825 842 851 820 829 851 869 693 549 542 531 492 502 475 403 421 403 379 360 351 366 391 377 376 354 325 314 316 319 337 354 386 402 446 398 356 351 366 356 342 323 318 318 338 330 304 304 280 314 303 308 315 305 292 276 268 287 310 324 306 289 293 264 256 269 270 249 223 237 237 241 257 227 207 193 180 166 171 193 186 197 196 180
889 957 1047 1016 1007 1063 1013 998 952 946 912 922 913 981 941 853 850 826 846 762 573 491 477 460 446 436 445 415 376 388 364 368 360 355 370 355 358 372 342 336 318 310 329 352 365 402 395 368 344 352 367 366 364 350 349 345 372 342 298 287 274 296 276 298 284 301 311 299 262 263 297 319 305 282 278 272 245 246 254 228 213 212 227 233 253 227 210 197 171 185 206 222 220 225 203 195
877 937 919 915 954 1044 1078 1038 1038 1052 1035 1011 888 912 900 872 849 848 775 642 546 493 458 458 425 401 407 412 392 373 363 365 377 364 341 349 342 375 373 350 327 333 329 330 351 349 349 349 331 349 359 361 356 339 327 323 307 294 273 254 258 277 251 260 262 278 297 287 258 261 287 295 283 262 241 254 242 220 253 258 229 242 238 237 214 208 203 194 177 170 186 201 209 229 214 227
866 870 898 936 963 983 945 810 939 960 884 816 689 663 775 877 871 869 888 892 723 541 571 533 457 410 378 407 417 400 386 371 347 345 338 331 342 379 413 412 389 359 337 314 318 329 341 347 326 323 333 349 367 361 343 331 302 282 276 295 305 324 318 289 263 248 265 283 247 255 268 263 276 271 249 226 225 215 235 199 223 212 196 191 194 191 179 174 181 189 196 229 229 229 236 237
926 910 905 911 941 948 714 648 720 622 614 642 592 524 567 669 816 851 897 802 576 474 444 448 420 391 369 382 398 401 392 378 368 369 362 335 345 352 397 401 374 354 334 308 302 319 309 312 314 326 337 354 349 359 335 310 313 320 346 445 561 460 491 424 311 261 253 241 230 229 240 259 262 250 243 221 210 204 193 191 194 193 184 181 174 180 191 193 211 210 201 229 255 245 240 230
988 954 915 987 1004 821 751 616 566 487 517 545 501 452 509 550 652 737 776 558 505 453 418 398 390 396 386 370 399 398 396 387 369 362 361 343 321 338 360 361 350 334 316 317 298 297 309 315 325 344 362 343 328 340 412 517 474 384 407 512 592 485 381 335 345 276 286 275 257 244 224 256 242 222 216 202 196 199 180 185 185 195 194 195 190 199 215 213 228 221 224 253 267 261 252 250
922 991 915 827 795 678 610 579 573 508 434 432 525 423 418 516 540 513 535 460 436 417 414 395 383 374 373 364 388 382 371 379 367 352 341 342 324 331 337 351 339 325 320 308 297 295 309 308 320 341 362 331 317 326 452 424 350 333 344 341 357 329 321 343 310 302 307 276 249 222 237 237 228 226 216 205 192 185 193 206 217 214 223 228 204 190 201 223 242 225 223 239 250 265 251 231
689 671 687 593 629 641 575 508 512 518 436 417 537 404 414 411 420 413 421 418 410 396 395 407 395 375 366 349 366 367 360 359 361 347 340 324 315 327 339 353 352 350 345 308 294 287 297 313 418 382 336 326 303 315 402 337 319 330 319 311 322 300 321 322 323 291 272 265 261 234 205 211 217 210 202 188 191 216 230 234 232 242 226 212 202 222 228 232 244 220 224 245 257 250 245 251
639 578 653 543 521 559 593 536 460 483 560 420 496 496 376 382 384 400 440 440 426 413 379 388 406 397 373 356 339 358 343 345 349 334 325 307 304 327 344 342 341 327 316 303 282 297 313 333 427 381 313 322 296 292 295 302 318 330 304 288 307 293 301 289 306 297 272 248 229 220 212 198 213 212 195 188 216 238 246 234 243 235 225 214 220 248 247 247 251 238 250 255 247 237 244 254
582 506 585 572 453 492 581 543 579 447 475 387 418 407 369 368 381 426 439 434 420 394 377 369 385 393 388 359 338 332 318 314 333 332 314 306 323 334 321 307 325 322 301 308 300 279 296 318 309 303 301 313 294 279 296 308 316 327 307 307 285 285 262 290 280 263 251 228 217 222 208 193 195 205 207 218 223 241 245 242 250 254 233 227 240 263 267 265 265 258 256 251 242 234 237 241
496 526 636 597 445 453 581 528 455 408 389 364 372 381 366 369 414 427 408 404 399 394 377 358 366 366 362 342 327 302 305 309 329 327 318 295 313 325 297 286 303 306 302 281 286 268 288 329 292 289 302 280 273 291 303 302 322 336 320 295 269 280 265 275 248 228 223 214 203 206 195 199 206 229 230 225 237 253 260 262 252 254 246 258 251 264 263 251 245 241 237 237 238 242 230 226
498 446 541 588 507 425 473 461 439 437 399 383 362 360 355 378 397 410 400 382 386 375 375 363 337 333 334 329 318 318 308 300 300 299 304 287 305 311 290 269 274 280 265 263 266 271 301 295 285 274 289 265 286 299 311 325 330 327 312 281 255 263 249 240 222 201 200 200 206 204 219 238 247 237 236 233 253 267 274 262 266 264 263 270 268 258 251 244 248 252 253 251 250 245 235 229
433 458 572 593 515 432 379 405 403 409 398 373 362 350 360 369 390 384 387 380 378 364 336 336 324 314 335 321 313 304 284 284 282 290 286 282 281 301 277 277 288 285 284 294 280 262 278 272 270 259 270 262 279 289 304 327 327 310 310 292 259 248 239 216 214 231 218 217 234 215 231 243 237 244 233 241 258 277 280 269 277 275 272 263 260 258 258 253 246 252 254 246 231 229 233 229
399 451 486 511 462 426 393 374 385 390 404 400 388 371 342 351 374 376 359 359 347 349 333 317 325 305 300 288 289 286 282 299 312 313 309 298 289 280 279 300 316 309 319 302 283 275 273 266 275 260 255 279 294 295 302 314 303 303 300 298 287 265 240 229 240 256 225 234 240 220 228 239 248 250 239 262 274 285 288 284 275 269 269 267 259 250 242 240 239 234 230 231 241 248 247 233
494 428 394 376 376 390 391 382 359 371 389 396 381 376 360 332 341 350 352 335 339 337 325 300 294 295 296 288 298 310 309 314 322 308 309 312 314 303 303 299 305 324 329 323 302 285 297 297 291 271 244 252 271 291 307 302 286 279 286 297 292 263 235 245 257 268 238 251 232 239 249 244 255 241 245 244 258 273 284 283 277 267 253 244 249 257 256 251 237 241 246 254 251 252 241 232
500 455 394 387 367 375 376 393 372 350 363 374 361 357 346 327 318 333 315 298 307 289 291 286 307 323 318 315 321 341 352 350 338 317 293 296 300 313 319 311 317 323 311 310 309 306 310 313 297 285 262 249 282 293 301 289 289 272 275 289 278 261 250 251 274 276 243 254 241 261 251 260 261 246 247 252 269 281 278 264 257 253 263 266 267 258 249 252 255 259 255 253 242 248 248 248
427 439 416 400 391 367 350 369 383 366 340 351 336 332 317 308 303 300 307 303 294 311 310 310 324 341 374 394 355 364 392 366 330 325 309 292 285 295 313 300 311 312 302 296 286 287 295 307 290 273 248 262 272 286 291 275 278 266 284 276 278 280 268 267 284 266 273 266 267 265 269 264 250 256 246 254 276 276 261 266 272 270 269 268 261 258 261 258 251 256 249 241 233 236 236 243
402 413 415 420 403 393 366 348 364 350 332 321 314 306 312 329 324 320 327 319 319 333 338 349 339 366 445 377 353 337 358 342 328 315 308 291 276 289 307 297 291 305 293 281 278 269 286 295 288 274 246 248 268 270 278 281 262 259 278 269 259 252 269 275 282 283 287 285 292 280 280 260 253 256 260 269 268 270 277 277 263 250 248 248 247 251 250 247 246 241 241 237 226 233 224 223
397 427 397 402 387 372 354 334 335 312 315 318 334 343 338 330 328 346 353 349 351 357 350 413 403 352 374 369 372 327 323 327 326 317 318 299 278 273 285 287 275 281 275 271 276 257 261 269 272 265 248 244 255 254 264 271 252 263 265 255 253 269 281 294 289 295 297 294 296 292 278 257 262 267 277 282 285 288 278 258 262 260 254 255 244 247 241 243 245 241 229 235 248 243 237 238
413 392 383 373 363 338 312 310 303 315 347 351 345 357 357 366 376 373 378 417 409 376 367 357 368 340 338 356 334 324 310 310 309 305 309 303 285 274 269 281 284 277 267 253 265 265 250 247 259 261 236 240 253 266 276 257 245 262 247 262 272 289 283 292 299 295 289 283 285 285 274 269 286 289 293 294 288 276 263 265 273 272 260 253 260 251 246 252 244 242 248 254 263 251 249 250
368 353 342 340 324 335 322 336 327 332 349 363 362 384 439 495 480 474 453 491 447 388 365 340 334 322 325 341 329 316 307 293 287 276 294 306 300 291 279 265 264 267 269 261 247 251 248 237 250 251 227 247 263 270 265 262 246 246 265 280 284 286 296 289 281 278 276 274 271 280 284 289 303 302 298 288 277 273 270 279 280 266 256 266 256 246 259 263 260 258 259 253 244 243 235 236
333 331 357 395 371 354 355 347 340 360 381 406 394 377 451 508 482 448 411 396 450 452 412 365 347 334 320 319 326 329 322 314 293 290 271 283 277 268 264 257 255 260 250 237 238 238 233 229 235 235 243 247 256 265 250 259 241 260 278 271 284 282 276 283 264 267 272 268 267 271 277 289 299 299 292 284 290 283 286 285 279 261 268 257 252 257 274 273 264 250 240 241 234 229 228 226
333 357 370 392 373 343 359 352 413 508 497 504 504 473 395 379 392 463 450 392 350 345 341 351 342 342 328 307 305 315 306 307 296 279 265 253 257 247 261 273 257 245 239 243 248 231 218 243 254 257 262 274 284 268 253 234 249 261 263 271 282 262 275 271 256 261 259 264 274 281 284 283 292 287 288 281 281 289 284 276 271 267 259 263 275 281 271 259 257 247 236 235 232 236 238 233
347 352 373 376 355 354 380 390 451 606 616 591 579 566 471 407 361 336 337 349 347 337 320 329 330 347 336 321 299 291 289 290 296 275 277 277 278 287 283 265 251 255 263 254 249 251 236 246 248 244 249 263 266 264 253 234 252 252 257 263 263 260 248 246 251 267 280 282 277 274 285 291 281 288 282 276 275 285 282 269 262 270 277 279 284 276 261 249 243 238 242 238 242 241 235 224
354 354 373 380 400 453 431 444 549 598 655 614 554 581 539 517 446 377 353 343 325 309 304 302 310 326 318 324 317 304 280 276 295 293 308 297 293 274 271 265 268 267 264 257 241 234 231 229 234 220 238 245 258 251 244 228 241 243 253 251 249 238 247 264 278 279 276 265 266 277 287 278 276 288 281 275 270 280 275 265 259 270 277 277 268 267 260 257 254 250 250 245 237 231 226 229
363 368 436 433 533 561 473 515 628 615 572 557 493 493 527 503 452 442 419 376 344 329 319 305 300 296 292 307 310 295 280 269 275 296 305 289 272 263 258 256 259 264 257 247 245 236 233 219 218 228 226 239 246 237 243 228 234 239 246 238 241 252 269 270 267 255 254 255 267 282 288 271 271 286 280 272 260 261 271 262 255 259 271 272 262 256 252 251 254 243 236 229 230 232 230 221
448 519 563 505 602 593 511 605 514 468 487 469 447 428 421 394 385 367 378 360 347 357 336 330 328 319 307 290 283 282 262 261 261 286 296 274 258 261 245 250 249 261 251 240 243 245 237 234 240 237 227 227 231 241 248 234 229 237 224 243 255 256 254 248 243 250 255 267 276 276 272 276 261 276 284 276 267 257 262 265 256 254 265 259 269 267 256 247 236 230 229 239 233 221 219 211
627 538 482 473 442 441 499 548 458 390 378 400 400 413 400 411 388 355 342 334 328 325 319 317 310 325 321 305 306 285 264 256 243 273 303 288 262 250 249 239 238 233 236 240 233 234 238 247 255 252 242 229 224 234 245 242 224 225 239 246 236 230 234 242 249 253 265 275 268 271 264 277 265 269 274 273 260 253 253 262 261 251 253 259 259 264 261 253 243 245 244 245 224 229 223 223
503 428 408 402 447 452 415 413 388 385 364 353 349 358 409 420 414 428 393 358 361 345 340 328 314 293 302 302 310 301 291 273 250 256 284 294 274 277 262 263 252 234 226 230 234 224 231 232 252 257 242 230 223 231 236 246 231 221 230 234 235 247 243 248 260 269 265 261 258 271 259 270 258 258 257 267 264 259 252 252 244 246 251 254 253 255 245 257 260 258 257 246 234 234 230 225
435 420 372 376 395 380 373 390 418 396 388 347 333 344 366 395 353 344 372 406 368 359 325 317 304 288 290 279 302 300 290 273 263 243 258 271 284 270 270 270 263 240 222 224 217 225 223 239 255 252 236 224 219 226 233 241 231 216 226 232 243 252 258 258 266 258 253 246 261 271 252 253 250 256 254 264 267 270 260 263 249 236 241 244 244 248 244 260 253 259 260 248 249 240 239 235
406 380 380 362 363 361 355 368 401 374 390 367 330 336 382 423 366 330 347 373 346 324 310 298 288 292 276 270 281 278 286 287 262 250 257 262 277 261 260 267 266 249 237 229 221 215 217 240 244 239 231 230 224 223 220 237 218 226 241 243 239 243 251 264 266 248 242 258 258 250 240 243 247 251 258 265 277 274 269 263 256 250 225 241 241 233 246 255 248 246 256 254 246 235 226 227
424 371 356 347 354 355 349 361 389 354 341 347 328 323 350 352 331 322 312 330 319 302 293 298 283 274 269 270 265 269 278 286 275 264 242 247 253 257 257 252 262 260 249 236 227 216 217 232 235 232 242 246 241 238 219 224 216 234 247 249 253 252 256 258 268 263 239 244 241 233 236 236 240 242 250 263 273 273 257 247 242 241 235 229 232 230 247 253 244 248 242 254 251 237 222 217
402 369 373 353 339 342 353 384 362 338 330 326 324 316 343 355 341 315 294 313 302 300 283 273 273 260 261 256 253 261 267 266 259 268 268 246 233 244 254 248 246 256 246 238 240 226 217 222 220 240 249 236 237 239 224 215 225 235 236 242 251 247 261 267 260 250 235 235 233 239 228 236 240 247 256 269 276 261 260 257 246 242 235 234 228 226 238 245 246 236 243 245 241 238 232 226
403 399 370 345 337 352 361 363 365 355 350 336 316 316 335 329 329 308 281 278 283 273 279 274 265 270 267 260 252 259 255 259 241 259 268 254 241 227 241 247 241 242 249 238 230 229 228 214 230 229 244 234 230 237 224 222 220 220 228 235 236 251 266 258 250 250 228 228 237 229 244 248 250 257 268 281 268 264 266 258 246 247 247 246 237 222 228 234 238 232 238 237 234 245 243 241
373 489 407 350 329 341 347 335 338 351 362 349 338 311 296 299 294 294 283 266 266 259 268 255 258 261 258 265 262 244 240 236 231 246 261 264 256 236 225 224 243 230 239 246 249 240 219 220 222 231 239 237 224 221 227 213 237 239 232 246 251 257 253 245 257 242 222 231 227 225 230 234 244 259 271 272 243 244 254 249 242 235 232 238 242 230 217 221 238 234 227 225 240 239 239 251
356 481 447 364 327 321 337 321 334 345 359 340 331 323 306 286 289 268 262 266 263 261 256 260 260 260 251 242 240 239 242 234 232 231 251 253 246 245 236 217 235 244 226 242 239 229 221 209 222 222 240 234 214 222 223 223 232 245 249 250 249 245 248 238 235 229 226 229 228 243 247 253 254 265 278 265 235 223 238 246 246 241 235 229 225 232 223 212 237 243 230 218 234 232 235 245
339 394 435 406 323 320 319 315 329 348 345 323 321 315 313 306 304 295 289 289 289 288 277 280 277 277 267 264 258 261 259 242 235 230 233 231 231 232 233 227 225 235 229 225 247 245 231 214 210 227 233 242 235 220 219 222 227 238 248 251 238 236 246 232 223 228 222 222 233 240 251 246 252 262 275 269 249 230 214 230 227 231 235 238 225 217 223 213 225 234 233 220 224 237 241 247
323 339 341 343 325 308 302 298 308 322 320 319 302 309 299 310 312 300 295 288 285 275 274 280 278 266 259 257 261 253 242 237 243 253 231 228 227 219 223 222 217 226 221 234 250 234 224 220 215 211 225 226 217 212 210 235 241 249 244 233 230 239 239 221 222 216 215 221 239 240 237 240 258 276 274 259 248 223 205 214 212 225 228 241 234 227 220 203 212 223 230 219 233 246 246 247
317 316 313 327 312 307 306 291 289 292 308 299 290 307 298 297 296 310 305 290 282 283 274 262 272 276 275 264 256 250 243 265 268 248 240 251 245 238 234 228 215 212 218 233 239 237 224 215 209 207 213 207 220 223 231 227 239 243 239 224 233 234 238 225 213 222 223 228 235 242 251 257 273 278 282 254 248 218 208 192 217 221 222 232 235 241 230 219 209 214 224 221 234 244 245 228
330 305 292 299 294 296 291 287 287 287 297 287 294 302 307 301 288 293 294 295 289 282 273 266 256 261 263 267 264 261 265 270 259 251 260 260 253 244 235 228 220 221 219 216 227 221 233 224 216 209 237 231 237 232 240 246 240 240 230 224 227 233 230 215 223 238 240 248 248 253 262 262 247 245 234 240 217 186 178 186 210 223 208 209 212 226 231 234 217 204 210 220 233 236 224 226
301 303 312 309 324 318 314 302 287 271 288 300 303 291 299 308 302 289 285 281 286 289 275 272 262 256 250 261 265 262 265 267 264 260 255 252 242 236 223 216 222 219 219 217 208 210 229 229 213 215 234 232 248 247 248 238 226 225 228 213 222 231 238 212 232 226 240 250 261 260 248 251 241 214 196 199 194 170 193 205 199 208 209 189 207 214 218 228 229 223 203 207 229 221 212 213
321 332 328 336 321 309 307 308 301 295 280 288 291 287 289 291 293 305 299 290 271 277 284 280 275 271 267 255 241 241 246 252 245 247 238 238 228 226 226 237 230 221 221 216 205 211 212 209 220 212 213 224 243 232 233 229 227 216 222 211 224 236 223 205 227 224 246 255 255 248 238 232 222 205 186 184 185 173 179 196 182 207 203 182 197 208 199 208 226 226 219 201 227 211 204 230
328 339 336 320 310 301 286 296 305 295 277 266 273 288 273 276 292 299 292 286 280 266 263 274 277 270 269 261 255 257 250 244 236 231 231 230 234 235 225 220 231 238 230 226 220 219 216 204 210 215 212 237 242 229 219 220 221 217 212 207 221 230 221 206 215 229 249 255 258 256 239 236 225 203 209 206 184 162 170 200 183 195 193 206 225 202 188 200 210 210 203 204 209 200 196 211
