M05 Assignment/Charleston.txt
ncols        354
nrows        366
xllcorner    -82.891666666667
yllcorner    30.441666666667
cellsize     0.016666666667
[rows 235 to 281 of 366, columns 192 to 287 of 354]
-14 -15 -15 -15 -16 -17 -17 -16 -17 -18 -18 -18 -19 -19 -20 -21 -21 -20 -22 -23 -23 -23 -24 -26 -27 -28 -30 -30 -30 -31 -32 -32 -33 -33 -33 -33 -32 -33 -33 -34 -35 -34 -33 -33 -33 -34 -35 -37 -38 -39 -40 -40 -41 -41 -41 -42 -41 -42 -41 -41 -42 -41 -41 -41 -44 -48 -52 -81 -127 -134 -145 -168 -184 -156 -190 -168 -169 -175 -179 -200 -217 -206 -193 -194 -208 -221 -219 -223 -222 -223 -231 -237 -240 -243 -247 -249
-14 -14 -15 -15 -16 -17 -17 -17 -17 -17 -18 -19 -20 -20 -21 -21 -21 -22 -22 -23 -24 -25 -27 -28 -29 -30 -30 -31 -32 -32 -33 -33 -34 -34 -34 -34 -33 -33 -34 -34 -34 -34 -34 -33 -35 -37 -38 -39 -39 -40 -41 -42 -42 -41 -41 -41 -41 -42 -41 -42 -43 -42 -42 -43 -44 -47 -52 -91 -135 -147 -172 -197 -194 -197 -177 -174 -180 -191 -166 -197 -198 -194 -196 -198 -207 -221 -224 -232 -232 -232 -241 -247 -249 -252 -254 -255
-16 -16 -17 -17 -17 -17 -18 -18 -18 -18 -19 -19 -20 -20 -20 -21 -22 -23 -24 -25 -26 -27 -28 -29 -30 -31 -32 -32 -32 -33 -34 -34 -35 -36 -35 -34 -34 -36 -36 -35 -33 -33 -34 -36 -37 -39 -40 -40 -39 -40 -41 -41 -40 -40 -40 -41 -42 -43 -44 -43 -44 -43 -43 -45 -47 -47 -53 -97 -145 -172 -191 -185 -198 -201 -200 -205 -200 -192 -197 -202 -199 -200 -206 -212 -219 -227 -232 -242 -245 -245 -247 -252 -256 -258 -261 -263
-15 -17 -17 -17 -18 -18 -18 -19 -19 -19 -20 -19 -20 -20 -21 -21 -22 -23 -25 -26 -26 -27 -28 -30 -32 -31 -32 -33 -33 -33 -34 -35 -35 -35 -36 -34 -34 -35 -35 -34 -33 -34 -36 -38 -39 -40 -39 -39 -38 -39 -40 -40 -40 -39 -40 -42 -43 -43 -43 -44 -45 -45 -45 -48 -49 -55 -74 -98 -167 -200 -198 -209 -200 -229 -209 -200 -201 -200 -208 -217 -213 -234 -238 -218 -231 -238 -243 -250 -252 -254 -254 -258 -262 -263 -266 -270
-16 -18 -19 -17 -18 -18 -20 -20 -18 -19 -19 -19 -20 -20 -20 -21 -23 -25 -25 -27 -27 -28 -29 -30 -32 -33 -33 -33 -34 -34 -36 -35 -35 -36 -36 -36 -35 -35 -35 -35 -35 -37 -38 -40 -39 -38 -38 -38 -39 -38 -38 -39 -41 -41 -42 -43 -44 -44 -45 -46 -47 -47 -49 -50 -56 -73 -105 -152 -202 -206 -204 -212 -210 -206 -196 -195 -211 -232 -268 -274 -284 -256 -245 -244 -230 -240 -254 -256 -258 -261 -263 -267 -267 -266 -272 -277
-17 -18 -18 -18 -18 -19 -19 -19 -19 -19 -20 -20 -20 -20 -21 -22 -23 -25 -26 -27 -27 -29 -30 -31 -31 -33 -34 -34 -34 -34 -35 -37 -37 -35 -37 -36 -35 -35 -35 -35 -37 -37 -38 -37 -38 -38 -38 -38 -40 -41 -42 -43 -42 -42 -46 -49 -50 -53 -54 -55 -58 -60 -73 -96 -127 -169 -203 -209 -211 -224 -235 -237 -220 -206 -209 -206 -210 -221 -269 -287 -276 -248 -246 -240 -237 -241 -251 -257 -264 -269 -271 -273 -273 -275 -278 -283
-18 -18 -19 -19 -19 -19 -20 -20 -20 -20 -20 -20 -20 -20 -21 -22 -23 -26 -26 -27 -27 -29 -31 -31 -32 -32 -34 -34 -35 -35 -36 -36 -36 -36 -37 -37 -37 -35 -35 -35 -36 -37 -37 -38 -39 -40 -42 -42 -43 -44 -45 -47 -48 -50 -60 -64 -65 -64 -71 -85 -105 -129 -154 -179 -209 -230 -226 -219 -216 -241 -251 -243 -224 -220 -222 -221 -269 -268 -294 -300 -277 -245 -235 -238 -243 -248 -256 -265 -273 -278 -282 -283 -281 -284 -285 -289
-18 -19 -19 -20 -20 -20 -20 -20 -20 -20 -21 -21 -22 -21 -21 -22 -24 -26 -26 -27 -28 -30 -31 -32 -33 -34 -34 -34 -35 -36 -37 -38 -38 -38 -37 -38 -37 -36 -35 -35 -35 -36 -38 -40 -41 -43 -43 -44 -45 -47 -50 -52 -50 -54 -69 -73 -81 -99 -114 -129 -146 -167 -193 -223 -239 -240 -238 -242 -231 -243 -247 -239 -231 -234 -226 -218 -228 -264 -274 -271 -242 -242 -238 -243 -249 -256 -264 -271 -281 -289 -297 -294 -293 -294 -295 -295
-19 -19 -20 -20 -21 -21 -20 -20 -21 -22 -22 -22 -21 -22 -22 -22 -23 -26 -27 -28 -29 -31 -32 -32 -33 -34 -36 -36 -37 -37 -38 -38 -39 -39 -39 -39 -39 -38 -37 -36 -38 -40 -41 -44 -46 -47 -48 -51 -58 -60 -59 -54 -58 -71 -87 -99 -114 -126 -140 -155 -172 -200 -228 -240 -246 -248 -249 -243 -235 -243 -247 -246 -247 -241 -227 -224 -232 -256 -264 -259 -247 -245 -246 -249 -257 -264 -270 -277 -287 -296 -302 -303 -302 -305 -306 -306
-19 -20 -20 -21 -21 -22 -23 -23 -21 -21 -21 -22 -22 -23 -22 -22 -23 -26 -27 -29 -30 -31 -32 -33 -34 -35 -36 -37 -37 -38 -40 -39 -40 -40 -40 -40 -40 -39 -38 -39 -40 -42 -44 -47 -49 -50 -55 -61 -65 -67 -68 -72 -80 -97 -109 -120 -131 -145 -158 -173 -200 -230 -241 -246 -251 -254 -253 -250 -248 -250 -252 -253 -252 -248 -240 -243 -267 -264 -264 -261 -255 -247 -252 -257 -265 -271 -279 -285 -293 -302 -309 -312 -315 -317 -317 -318
-20 -20 -21 -22 -22 -23 -22 -22 -23 -23 -23 -22 -22 -22 -21 -22 -25 -26 -27 -30 -31 -32 -32 -33 -35 -36 -37 -38 -38 -39 -39 -40 -41 -41 -42 -42 -40 -39 -39 -41 -43 -44 -46 -49 -52 -59 -63 -66 -72 -78 -84 -93 -104 -113 -123 -135 -147 -158 -174 -196 -237 -254 -252 -255 -259 -260 -259 -258 -258 -258 -259 -260 -259 -258 -257 -264 -273 -271 -269 -267 -262 -258 -259 -265 -271 -279 -285 -292 -300 -309 -316 -322 -326 -329 -329 -330
-20 -20 -21 -22 -23 -23 -25 -25 -25 -24 -24 -23 -22 -22 -23 -24 -25 -26 -27 -30 -31 -32 -33 -34 -35 -37 -37 -38 -38 -39 -40 -41 -41 -42 -42 -41 -40 -41 -41 -43 -45 -47 -47 -51 -61 -64 -67 -74 -83 -90 -98 -107 -117 -126 -136 -147 -159 -173 -193 -233 -277 -271 -267 -267 -267 -267 -267 -266 -266 -266 -267 -267 -267 -268 -269 -273 -276 -277 -276 -274 -271 -268 -266 -272 -280 -287 -293 -300 -310 -317 -325 -334 -337 -339 -340 -342
-21 -22 -22 -24 -24 -25 -24 -23 -26 -25 -24 -25 -24 -24 -24 -25 -25 -26 -28 -31 -31 -32 -33 -35 -36 -37 -37 -38 -39 -39 -40 -41 -41 -41 -41 -41 -41 -42 -43 -44 -47 -48 -52 -62 -65 -70 -77 -85 -91 -101 -110 -119 -129 -137 -148 -160 -174 -190 -223 -284 -296 -287 -281 -278 -277 -276 -275 -274 -274 -274 -274 -275 -276 -276 -278 -280 -282 -282 -282 -281 -280 -279 -278 -281 -289 -296 -303 -310 -323 -331 -335 -344 -348 -353 -354 -356
-22 -22 -23 -24 -23 -23 -24 -24 -23 -23 -24 -26 -26 -26 -25 -25 -26 -27 -29 -31 -31 -32 -34 -36 -37 -37 -39 -40 -40 -40 -41 -41 -41 -40 -40 -41 -43 -44 -46 -48 -53 -57 -63 -66 -71 -77 -84 -92 -103 -111 -120 -129 -138 -148 -160 -175 -191 -214 -276 -326 -312 -300 -293 -288 -286 -284 -283 -282 -281 -281 -281 -282 -283 -284 -285 -287 -288 -289 -289 -289 -289 -289 -290 -292 -298 -306 -313 -326 -342 -356 -347 -355 -367 -370 -369 -371
-22 -23 -24 -25 -26 -26 -26 -26 -25 -25 -25 -25 -26 -27 -26 -26 -27 -27 -29 -30 -31 -33 -34 -36 -38 -39 -40 -41 -40 -41 -41 -41 -41 -41 -42 -44 -46 -49 -51 -56 -61 -64 -67 -72 -78 -85 -91 -103 -112 -120 -129 -138 -149 -161 -174 -191 -213 -248 -332 -332 -319 -308 -301 -296 -293 -291 -289 -290 -292 -295 -299 -294 -289 -291 -293 -294 -295 -296 -297 -297 -298 -299 -300 -303 -307 -315 -323 -337 -373 -395 -379 -376 -385 -389 -380 -380
-23 -24 -24 -25 -27 -28 -28 -27 -27 -25 -25 -26 -26 -27 -27 -27 -27 -27 -29 -31 -31 -33 -36 -38 -39 -40 -41 -41 -41 -42 -43 -43 -43 -43 -44 -46 -49 -52 -55 -61 -62 -69 -74 -78 -86 -93 -102 -111 -120 -129 -138 -148 -160 -172 -189 -213 -240 -289 -334 -330 -321 -313 -307 -303 -300 -297 -297 -298 -300 -304 -307 -307 -305 -301 -298 -299 -300 -300 -304 -305 -307 -308 -310 -313 -317 -324 -333 -341 -374 -412 -408 -402 -400 -392 -386 -388
-24 -25 -25 -27 -27 -27 -28 -29 -28 -28 -27 -26 -27 -27 -27 -27 -26 -27 -29 -30 -31 -33 -37 -40 -41 -41 -42 -41 -42 -43 -44 -43 -43 -44 -45 -49 -52 -54 -53 -62 -69 -76 -80 -87 -94 -103 -111 -120 -129 -138 -147 -158 -169 -185 -212 -240 -274 -303 -318 -322 -319 -315 -311 -308 -306 -306 -306 -304 -303 -306 -311 -319 -322 -314 -303 -299 -295 -300 -308 -313 -315 -317 -320 -323 -327 -332 -339 -349 -373 -403 -422 -416 -415 -406 -398 -396
-24 -25 -26 -27 -26 -27 -28 -27 -29 -30 -30 -30 -27 -27 -27 -26 -27 -28 -29 -30 -32 -36 -39 -41 -43 -43 -43 -44 -44 -44 -45 -46 -46 -46 -47 -49 -54 -57 -58 -69 -76 -81 -88 -94 -103 -110 -119 -128 -137 -147 -157 -169 -183 -208 -241 -266 -285 -301 -311 -316 -317 -316 -314 -312 -314 -314 -312 -306 -303 -303 -311 -323 -333 -328 -316 -305 -297 -298 -306 -321 -323 -325 -328 -332 -336 -341 -347 -354 -369 -395 -417 -423 -424 -418 -407 -393
-26 -26 -27 -27 -27 -28 -28 -30 -28 -28 -28 -28 -29 -28 -27 -28 -28 -28 -29 -31 -36 -39 -41 -42 -42 -43 -43 -43 -42 -43 -44 -44 -44 -45 -50 -58 -63 -64 -68 -75 -81 -89 -95 -102 -110 -118 -128 -137 -147 -158 -169 -183 -204 -240 -268 -278 -290 -301 -309 -314 -316 -317 -316 -319 -324 -322 -316 -305 -297 -290 -298 -316 -339 -337 -328 -315 -304 -300 -301 -319 -330 -333 -337 -340 -345 -349 -354 -361 -371 -392 -409 -418 -420 -423 -412 -396
-27 -26 -27 -28 -28 -27 -28 -29 -29 -29 -29 -30 -30 -32 -32 -31 -29 -30 -34 -36 -38 -40 -41 -41 -42 -42 -43 -43 -42 -43 -44 -46 -49 -54 -59 -63 -65 -68 -74 -81 -89 -95 -102 -109 -118 -127 -137 -148 -159 -171 -184 -202 -237 -261 -276 -286 -295 -303 -309 -314 -317 -318 -318 -326 -331 -328 -318 -301 -282 -269 -271 -297 -325 -337 -335 -327 -318 -313 -315 -326 -337 -341 -344 -348 -352 -358 -363 -370 -376 -394 -408 -407 -415 -426 -422 -409
-28 -27 -28 -28 -30 -31 -31 -31 -31 -32 -30 -31 -31 -32 -32 -32 -34 -35 -36 -37 -39 -40 -41 -42 -42 -42 -43 -44 -44 -45 -48 -51 -54 -59 -63 -65 -68 -74 -78 -88 -94 -101 -108 -116 -127 -138 -149 -161 -173 -186 -203 -235 -276 -281 -287 -293 -300 -306 -311 -315 -318 -331 -339 -342 -341 -337 -325 -305 -278 -263 -252 -288 -320 -338 -342 -339 -333 -329 -331 -337 -345 -348 -351 -355 -360 -365 -372 -380 -392 -418 -417 -421 -428 -425 -421 -416
-29 -30 -29 -30 -30 -31 -32 -32 -31 -33 -32 -32 -32 -33 -33 -34 -36 -36 -38 -38 -39 -41 -41 -42 -42 -42 -43 -44 -45 -48 -51 -54 -60 -63 -64 -67 -73 -78 -86 -93 -99 -106 -114 -124 -137 -150 -162 -175 -189 -205 -233 -280 -296 -295 -297 -300 -305 -309 -314 -316 -349 -363 -363 -361 -358 -352 -341 -324 -306 -295 -294 -309 -329 -346 -355 -353 -347 -342 -342 -347 -353 -354 -358 -362 -367 -372 -379 -388 -401 -421 -422 -429 -428 -425 -422 -420
-29 -29 -30 -30 -30 -29 -31 -30 -31 -32 -32 -33 -32 -33 -35 -37 -38 -37 -38 -39 -39 -40 -41 -42 -42 -42 -43 -45 -46 -50 -53 -58 -63 -64 -65 -71 -78 -85 -92 -98 -104 -111 -120 -134 -149 -163 -177 -192 -208 -233 -279 -310 -306 -304 -304 -307 -310 -313 -316 -355 -401 -397 -385 -381 -377 -371 -363 -351 -343 -341 -347 -344 -347 -358 -368 -364 -357 -350 -347 -351 -360 -361 -364 -368 -373 -378 -385 -393 -403 -414 -420 -423 -425 -424 -423 -423
-30 -31 -30 -31 -32 -30 -31 -33 -34 -34 -34 -34 -35 -35 -36 -36 -38 -38 -38 -39 -39 -41 -42 -43 -43 -43 -44 -47 -48 -51 -57 -63 -63 -65 -69 -76 -85 -92 -97 -102 -109 -117 -129 -146 -164 -179 -195 -212 -236 -277 -299 -308 -310 -309 -310 -312 -314 -315 -356 -392 -414 -415 -408 -401 -395 -388 -381 -375 -373 -375 -377 -371 -367 -368 -371 -368 -361 -354 -349 -347 -352 -363 -375 -381 -378 -384 -390 -397 -404 -412 -417 -421 -423 -424 -425 -425
-29 -29 -30 -30 -33 -33 -34 -34 -33 -34 -35 -34 -35 -35 -36 -37 -38 -38 -39 -39 -40 -41 -42 -42 -43 -44 -45 -48 -50 -54 -62 -64 -65 -68 -74 -84 -92 -97 -102 -107 -115 -126 -142 -162 -181 -198 -216 -240 -279 -309 -307 -310 -312 -313 -314 -316 -318 -351 -408 -417 -415 -421 -422 -415 -407 -399 -394 -390 -390 -392 -394 -384 -377 -372 -371 -368 -363 -357 -350 -344 -343 -362 -385 -400 -412 -389 -394 -400 -406 -412 -416 -420 -423 -425 -426 -427
-31 -31 -32 -33 -34 -35 -34 -34 -35 -34 -35 -35 -36 -35 -36 -37 -38 -39 -40 -41 -42 -42 -42 -43 -43 -45 -47 -51 -55 -58 -63 -65 -67 -72 -83 -92 -97 -101 -107 -114 -123 -139 -160 -183 -202 -221 -248 -284 -297 -306 -310 -312 -314 -316 -317 -319 -319 -374 -411 -418 -416 -419 -422 -417 -409 -401 -397 -394 -393 -391 -388 -381 -373 -370 -368 -367 -364 -361 -356 -351 -353 -367 -386 -403 -408 -393 -398 -403 -408 -413 -417 -421 -424 -426 -428 -429
-31 -30 -32 -33 -33 -34 -35 -36 -36 -36 -37 -38 -38 -38 -38 -39 -40 -40 -41 -41 -41 -41 -42 -42 -44 -47 -52 -57 -59 -60 -63 -67 -72 -82 -91 -97 -101 -106 -114 -123 -137 -158 -184 -207 -227 -248 -277 -301 -302 -307 -311 -313 -316 -318 -320 -321 -400 -402 -402 -404 -405 -411 -417 -412 -404 -401 -397 -395 -391 -387 -379 -375 -367 -368 -367 -367 -366 -365 -364 -362 -365 -374 -386 -402 -410 -411 -412 -406 -411 -415 -419 -422 -425 -428 -438 -458
-32 -33 -33 -33 -34 -34 -35 -36 -37 -38 -38 -39 -39 -39 -40 -40 -41 -41 -40 -40 -40 -41 -43 -48 -50 -53 -58 -60 -59 -61 -64 -71 -82 -91 -97 -102 -106 -114 -123 -137 -157 -185 -212 -232 -255 -265 -281 -295 -302 -307 -311 -314 -317 -320 -321 -342 -381 -390 -386 -387 -392 -398 -402 -403 -402 -402 -402 -400 -396 -391 -385 -380 -376 -373 -370 -369 -368 -369 -370 -372 -376 -384 -395 -406 -417 -427 -433 -427 -412 -417 -420 -423 -425 -451 -469 -484
-32 -32 -34 -33 -35 -34 -36 -37 -38 -39 -40 -40 -40 -39 -40 -41 -42 -42 -41 -41 -43 -45 -47 -50 -52 -57 -59 -60 -61 -66 -72 -82 -92 -97 -102 -106 -113 -122 -136 -155 -183 -215 -232 -245 -261 -272 -283 -293 -301 -307 -312 -316 -319 -320 -337 -347 -355 -365 -365 -371 -378 -383 -387 -393 -399 -406 -410 -409 -404 -400 -396 -389 -386 -378 -374 -371 -371 -373 -376 -381 -386 -395 -405 -410 -421 -437 -455 -464 -477 -471 -484 -478 -495 -492 -500 -503
-32 -33 -34 -34 -35 -35 -37 -38 -39 -40 -41 -42 -41 -40 -39 -42 -43 -42 -41 -42 -44 -47 -49 -51 -58 -62 -66 -67 -71 -76 -82 -91 -97 -101 -107 -113 -123 -135 -154 -182 -216 -235 -244 -255 -265 -276 -285 -294 -302 -308 -313 -316 -324 -332 -343 -349 -350 -353 -356 -362 -367 -371 -376 -386 -397 -409 -417 -418 -414 -409 -401 -392 -383 -378 -376 -375 -375 -376 -381 -390 -398 -403 -406 -409 -420 -441 -465 -486 -502 -505 -508 -508 -513 -513 -515 -520
-32 -33 -34 -34 -35 -36 -38 -38 -39 -40 -41 -41 -40 -39 -39 -42 -42 -41 -42 -44 -46 -49 -51 -59 -66 -68 -70 -74 -77 -81 -91 -97 -101 -107 -114 -123 -135 -152 -181 -218 -239 -246 -254 -262 -271 -280 -288 -296 -303 -309 -313 -323 -333 -345 -353 -357 -355 -354 -355 -359 -363 -365 -369 -380 -395 -409 -421 -424 -423 -420 -410 -397 -380 -379 -379 -379 -380 -380 -385 -398 -410 -410 -408 -409 -418 -445 -475 -499 -513 -518 -516 -518 -517 -523 -527 -536
-33 -33 -34 -36 -37 -38 -39 -40 -41 -41 -41 -40 -40 -40 -40 -41 -42 -42 -43 -46 -52 -56 -61 -66 -69 -73 -76 -78 -80 -90 -96 -101 -106 -114 -123 -135 -150 -176 -218 -246 -245 -254 -262 -269 -276 -284 -291 -298 -304 -309 -324 -334 -344 -359 -372 -374 -370 -364 -361 -363 -365 -366 -369 -378 -391 -404 -416 -423 -428 -431 -428 -413 -397 -388 -386 -386 -386 -387 -391 -402 -412 -414 -412 -417 -431 -460 -490 -510 -521 -525 -525 -528 -531 -539 -546 -552
-35 -36 -36 -37 -38 -40 -41 -41 -41 -41 -41 -41 -40 -40 -42 -41 -43 -44 -48 -57 -63 -66 -67 -70 -73 -78 -80 -79 -89 -95 -100 -106 -113 -123 -135 -149 -172 -212 -239 -248 -249 -260 -269 -275 -281 -288 -295 -300 -335 -340 -348 -349 -353 -372 -391 -390 -385 -376 -369 -371 -374 -372 -372 -380 -389 -401 -411 -420 -428 -438 -445 -429 -413 -402 -398 -398 -398 -398 -398 -407 -417 -425 -428 -442 -455 -485 -512 -524 -530 -535 -537 -544 -550 -561 -570 -571
-33 -35 -38 -39 -40 -41 -41 -41 -42 -42 -42 -41 -41 -41 -42 -44 -47 -54 -61 -64 -66 -68 -71 -74 -78 -81 -79 -87 -95 -99 -106 -113 -123 -135 -148 -168 -201 -230 -243 -248 -251 -266 -274 -280 -286 -314 -342 -349 -358 -362 -364 -363 -367 -379 -391 -396 -394 -387 -382 -381 -383 -382 -383 -388 -395 -403 -411 -417 -423 -434 -440 -433 -422 -415 -414 -419 -422 -418 -413 -415 -427 -447 -470 -487 -502 -518 -532 -541 -546 -552 -560 -569 -579 -587 -593 -595
-36 -39 -40 -41 -42 -42 -42 -42 -42 -42 -42 -42 -41 -42 -46 -49 -56 -63 -65 -67 -69 -72 -75 -78 -82 -82 -86 -93 -98 -105 -113 -123 -135 -148 -165 -195 -235 -241 -246 -250 -252 -270 -280 -285 -293 -348 -403 -393 -379 -377 -377 -376 -378 -384 -390 -396 -398 -394 -391 -389 -391 -392 -395 -398 -404 -411 -416 -418 -418 -427 -434 -434 -430 -432 -433 -443 -449 -437 -426 -421 -434 -465 -509 -526 -545 -550 -555 -560 -566 -574 -584 -593 -605 -611 -617 -619
-39 -42 -42 -43 -44 -44 -43 -43 -43 -42 -42 -43 -42 -46 -51 -54 -63 -67 -67 -67 -72 -76 -79 -81 -85 -87 -92 -97 -104 -112 -123 -134 -148 -164 -188 -222 -246 -247 -249 -251 -254 -274 -285 -287 -327 -372 -404 -405 -394 -388 -387 -387 -389 -391 -394 -397 -398 -395 -393 -392 -394 -397 -402 -407 -412 -419 -425 -426 -426 -428 -432 -441 -450 -458 -463 -464 -459 -446 -433 -427 -436 -468 -507 -537 -559 -571 -577 -583 -589 -597 -603 -606 -612 -627 -640 -639
-42 -43 -43 -44 -44 -44 -44 -42 -42 -43 -44 -47 -49 -52 -55 -62 -65 -67 -66 -66 -71 -77 -81 -84 -88 -91 -95 -103 -112 -122 -134 -148 -164 -184 -218 -236 -244 -248 -251 -253 -255 -278 -291 -322 -368 -391 -401 -406 -399 -396 -396 -398 -399 -399 -398 -396 -396 -393 -391 -391 -393 -399 -407 -412 -417 -426 -435 -437 -437 -435 -436 -451 -471 -484 -491 -481 -466 -452 -443 -443 -447 -479 -505 -540 -564 -586 -599 -609 -612 -616 -618 -609 -609 -636 -661 -652
-43 -44 -45 -45 -45 -45 -43 -43 -44 -46 -48 -50 -53 -57 -63 -64 -65 -65 -66 -68 -72 -80 -84 -88 -91 -94 -101 -111 -121 -134 -148 -163 -182 -209 -248 -247 -250 -254 -258 -262 -266 -259 -312 -351 -380 -403 -416 -414 -405 -401 -403 -407 -409 -404 -398 -395 -393 -392 -391 -390 -392 -399 -407 -414 -421 -428 -436 -443 -448 -447 -450 -462 -482 -499 -505 -491 -471 -461 -464 -482 -504 -520 -534 -553 -575 -600 -622 -635 -637 -628 -615 -610 -616 -639 -658 -656
-44 -46 -47 -47 -47 -46 -45 -45 -46 -48 -51 -54 -57 -63 -65 -64 -66 -66 -67 -70 -78 -84 -87 -91 -93 -100 -109 -120 -133 -147 -162 -180 -202 -227 -244 -250 -253 -258 -262 -266 -270 -315 -368 -378 -381 -413 -438 -427 -409 -406 -408 -415 -420 -410 -397 -395 -395 -396 -395 -393 -392 -400 -408 -414 -421 -425 -433 -447 -460 -461 -463 -473 -488 -508 -519 -501 -478 -478 -491 -525 -564 -563 -566 -570 -584 -608 -637 -650 -657 -637 -614 -615 -623 -643 -657 -656
-45 -47 -47 -47 -46 -45 -45 -47 -49 -50 -53 -56 -63 -66 -65 -66 -66 -67 -70 -75 -82 -87 -90 -93 -98 -107 -119 -132 -146 -162 -178 -200 -223 -234 -243 -250 -255 -260 -264 -268 -349 -394 -405 -401 -403 -424 -442 -435 -420 -413 -414 -420 -422 -415 -405 -403 -405 -406 -405 -402 -401 -406 -412 -414 -416 -421 -432 -449 -466 -473 -478 -486 -499 -514 -521 -514 -506 -511 -528 -553 -574 -579 -580 -582 -591 -606 -625 -645 -655 -648 -637 -636 -642 -652 -657 -655
-46 -47 -47 -46 -45 -46 -46 -48 -51 -53 -57 -62 -66 -67 -66 -67 -67 -69 -74 -80 -86 -89 -93 -97 -106 -118 -131 -144 -160 -177 -197 -218 -231 -239 -246 -252 -257 -262 -266 -269 -460 -462 -429 -417 -417 -433 -449 -441 -427 -421 -420 -424 -427 -421 -414 -414 -418 -418 -418 -413 -412 -416 -421 -420 -417 -424 -433 -453 -473 -482 -489 -498 -510 -522 -530 -532 -535 -547 -563 -571 -574 -582 -585 -590 -595 -601 -609 -634 -652 -657 -658 -657 -661 -664 -664 -656
-48 -47 -46 -46 -46 -47 -49 -52 -54 -55 -60 -65 -68 -68 -67 -67 -68 -73 -79 -84 -89 -91 -96 -104 -116 -130 -143 -157 -176 -196 -218 -230 -236 -243 -249 -254 -259 -264 -267 -341 -442 -465 -445 -431 -430 -439 -445 -442 -434 -429 -427 -429 -430 -430 -428 -427 -426 -426 -426 -424 -425 -429 -433 -436 -437 -441 -448 -462 -476 -489 -499 -510 -522 -534 -544 -554 -565 -578 -587 -588 -586 -588 -591 -595 -600 -606 -616 -634 -651 -662 -668 -669 -671 -673 -671 -662
-47 -47 -45 -46 -47 -49 -52 -53 -55 -58 -64 -67 -68 -68 -67 -69 -73 -77 -83 -87 -91 -96 -104 -115 -129 -142 -155 -172 -194 -216 -236 -237 -242 -247 -252 -257 -262 -265 -357 -398 -433 -447 -440 -438 -439 -443 -445 -443 -439 -437 -435 -436 -437 -439 -441 -439 -436 -436 -436 -439 -441 -448 -453 -462 -467 -467 -469 -478 -488 -502 -512 -526 -537 -550 -562 -575 -588 -597 -605 -601 -598 -596 -598 -602 -607 -615 -626 -638 -653 -663 -670 -672 -673 -679 -680 -667
-47 -47 -45 -46 -48 -51 -53 -56 -59 -62 -67 -68 -68 -68 -69 -72 -77 -81 -86 -90 -95 -103 -114 -128 -142 -154 -170 -191 -213 -228 -238 -242 -246 -250 -255 -259 -263 -306 -371 -411 -429 -439 -442 -445 -446 -447 -448 -447 -446 -445 -445 -446 -448 -450 -451 -451 -452 -453 -455 -459 -466 -475 -485 -493 -497 -495 -494 -502 -515 -527 -537 -547 -558 -568 -579 -589 -598 -604 -607 -607 -605 -605 -607 -611 -617 -624 -632 -641 -649 -659 -667 -672 -675 -679 -677 -667
-48 -47 -46 -48 -52 -54 -56 -58 -61 -66 -68 -68 -69 -69 -72 -76 -81 -84 -89 -94 -104 -114 -128 -140 -153 -169 -188 -211 -229 -234 -240 -245 -249 -253 -258 -262 -316 -353 -385 -416 -430 -442 -449 -452 -453 -453 -453 -453 -454 -453 -454 -456 -459 -460 -461 -465 -469 -473 -477 -483 -491 -502 -515 -522 -526 -520 -517 -531 -548 -557 -564 -570 -578 -586 -594 -599 -603 -607 -608 -611 -611 -614 -617 -622 -627 -634 -639 -643 -646 -655 -663 -668 -671 -673 -671 -660
-48 -47 -48 -50 -52 -55 -58 -62 -66 -68 -69 -69 -70 -72 -75 -80 -83 -87 -93 -103 -114 -126 -139 -153 -168 -186 -208 -225 -234 -238 -243 -248 -252 -256 -261 -262 -351 -401 -421 -436 -447 -456 -461 -464 -463 -462 -460 -459 -459 -459 -460 -463 -467 -470 -474 -479 -486 -493 -499 -504 -511 -521 -532 -538 -540 -541 -545 -558 -573 -581 -585 -589 -593 -598 -603 -608 -612 -615 -617 -618 -620 -624 -628 -633 -638 -643 -647 -648 -650 -656 -662 -663 -662 -658 -653 -645
-48 -47 -48 -51 -55 -59 -62 -65 -67 -69 -69 -70 -71 -74 -78 -81 -86 -92 -102 -115 -126 -139 -153 -167 -185 -206 -223 -229 -236 -241 -246 -250 -255 -259 -264 -341 -428 -452 -455 -462 -471 -475 -477 -478 -476 -472 -468 -467 -466 -467 -467 -471 -475 -479 -485 -490 -499 -508 -517 -519 -522 -530 -540 -545 -549 -555 -565 -578 -592 -596 -599 -601 -604 -608 -612 -619 -624 -627 -628 -628 -630 -634 -639 -643 -648 -652 -655 -654 -653 -657 -659 -654 -646 -637 -631 -625
