M05 Assignment/Charleston.txt
ncols        354
nrows        366
xllcorner    -82.891666666667
yllcorner    30.441666666667
cellsize     0.016666666667
[rows 235 to 281 of 366, columns 96 to 191 of 354]
29 31 29 26 26 25 24 29 30 33 33 38 38 34 33 31 29 25 29 23 17 18 9 14 16 14 6 9 10 9 11 12 13 10 10 10 4 0 -1 4 8 6 9 10 1 0 15 10 -2 0 -1 -1 -1 -2 -2 -1 3 0 -2 0 -2 -8 -5 -1 0 6 9 -1 5 0 -2 -3 -2 5 2 1 0 -1 -6 -3 -5 -6 -7 -9 -11 -12 -12 -11 -13 -12 -13 -13 -14 -14 -15 -13
24 26 28 24 24 23 27 26 29 28 30 35 35 33 32 31 30 31 29 26 17 13 7 12 14 14 11 6 11 12 10 12 14 12 10 10 6 1 -5 -9 3 5 10 16 10 0 6 -4 -1 -6 2 -3 -7 -2 -1 4 5 -1 -2 -3 -1 0 -1 -7 -1 -3 -2 -1 3 3 3 -1 -2 -3 -3 -3 -3 -2 -3 -3 -7 -9 -10 -11 -12 -12 -12 -12 -12 -13 -13 -13 -14 -14 -15 -15
19 20 21 21 23 24 26 26 27 26 26 31 33 34 31 28 27 31 27 24 16 11 5 12 12 10 12 5 11 12 9 10 9 13 12 9 8 1 4 -3 -5 -2 0 10 4 -5 -1 0 3 5 0 -2 -3 -5 0 11 12 7 8 8 12 8 6 0 -9 -6 0 8 2 -2 -4 -5 -5 -5 -5 -5 -5 -4 -5 -8 -10 -10 -10 -10 -11 -12 -13 -12 -14 -14 -14 -14 -14 -14 -15 -15
18 18 16 17 19 25 28 26 25 24 25 29 28 29 29 27 29 28 27 16 10 15 11 6 14 5 14 5 9 13 11 4 10 10 11 10 5 1 -1 1 0 -3 -4 -6 -6 -5 0 -2 2 5 4 0 -1 -2 -1 9 -1 7 7 -1 9 9 3 2 -1 -5 -6 1 -2 -4 -5 -6 -6 -7 -8 -9 -10 -10 -11 -12 -11 -11 -12 -12 -12 -12 -12 -13 -15 -15 -15 -14 -15 -15 -14 -14
11 15 18 19 18 18 25 25 23 24 24 26 25 25 26 29 29 25 24 16 16 14 10 7 2 3 7 5 9 12 11 8 1 7 6 4 4 2 3 -1 -1 0 -4 -2 -1 -1 -2 2 -4 1 -3 7 -1 0 0 0 -1 0 0 9 8 10 7 3 -1 -2 -1 -8 -2 -4 -6 -7 -8 -9 -9 -9 -9 -10 -11 -12 -12 -12 -12 -12 -13 -12 -13 -14 -15 -15 -15 -16 -16 -16 -15 -15
23 15 15 19 17 15 21 23 25 25 25 23 24 25 22 25 26 27 24 19 14 14 9 14 8 3 -1 1 14 6 -1 -3 0 -1 -3 -2 1 5 5 3 1 -2 -4 -5 0 -2 -2 2 0 1 -5 -2 -2 -4 -4 1 -1 -1 4 8 9 6 0 -2 -3 -3 -2 -1 -5 -4 -7 -9 -9 -9 -9 -10 -11 -11 -11 -12 -12 -12 -13 -13 -13 -13 -14 -15 -15 -15 -16 -16 -16 -16 -16 -16
29 27 21 1 17 19 15 20 26 26 26 24 23 23 21 24 24 31 22 14 19 21 18 14 9 8 1 -3 5 4 -2 9 7 3 -2 -1 -1 -2 -1 -1 -1 -1 0 -5 0 -4 -4 -1 0 0 -1 -3 -1 0 -3 -5 -2 -2 7 10 -1 -3 -4 -4 -4 -4 -4 -3 -3 -7 -9 -10 -10 -10 -10 -11 -11 -11 -12 -12 -12 -13 -13 -13 -14 -14 -14 -15 -15 -16 -16 -16 -17 -17 -17 -17
27 27 29 20 18 16 16 20 22 23 23 24 23 23 22 23 21 26 21 16 19 22 20 12 11 7 -1 -1 -2 -3 -3 2 9 13 10 4 -1 -3 -3 -3 -3 -4 -1 -4 -6 -5 -7 -11 -7 0 -1 0 -4 -1 -3 -1 -4 0 -1 0 -3 -5 -6 -6 -7 -7 -8 -8 -9 -10 -10 -11 -12 -12 -12 -12 -11 -11 -12 -12 -13 -13 -14 -14 -14 -15 -15 -15 -16 -16 -17 -17 -17 -17 -18 -18
28 29 30 31 1 19 17 19 16 18 20 23 24 22 23 19 20 22 22 18 22 21 14 14 13 10 0 -2 -4 -1 7 16 16 14 10 3 0 8 12 15 0 -2 -4 -3 -2 -2 -1 -4 -7 -8 -3 -2 -3 1 -1 -1 -3 0 -2 -3 -5 -7 -8 -9 -10 -10 -10 -11 -11 -11 -12 -12 -11 -10 -9 -11 -12 -13 -12 -13 -13 -14 -14 -14 -15 -15 -16 -16 -16 -17 -17 -17 -18 -18 -18 -19
29 27 29 34 23 18 17 18 17 15 19 23 22 22 21 20 21 20 20 23 20 15 17 14 12 9 1 -4 -6 7 18 15 14 12 8 6 0 4 12 12 0 3 3 0 -2 -3 -2 0 -1 -2 -9 -5 -7 -1 -1 -2 -3 -6 -3 -4 -6 -9 -10 -10 -10 -10 -9 -11 -11 -11 -10 -10 -11 -12 -13 -13 -12 -12 -13 -13 -14 -14 -15 -15 -15 -16 -16 -16 -17 -17 -17 -18 -18 -18 -19 -19
26 27 29 33 22 2 17 18 18 16 16 19 23 22 22 20 21 21 21 23 16 16 15 10 8 10 -1 0 -5 -2 18 12 12 9 -1 0 -2 -2 8 11 5 -4 -4 -4 0 -4 -6 -6 -8 -7 -3 -5 -9 -9 -5 -2 -3 -4 -5 -4 -7 -10 -11 -11 -12 -13 -13 -13 -13 -13 -12 -13 -12 -12 -13 -13 -13 -13 -13 -14 -14 -15 -15 -15 -16 -16 -17 -17 -17 -18 -18 -18 -19 -19 -19 -20
26 30 34 31 28 14 16 17 18 16 16 17 18 18 21 19 21 23 21 18 16 13 14 12 9 7 -1 6 -4 -4 15 14 12 12 11 0 -2 -3 0 11 0 -3 6 -1 -1 -1 0 -3 0 0 -1 -2 -4 -9 -8 -5 -5 -5 -6 -5 -6 -9 -10 -12 -12 -12 -11 -12 -12 -12 -13 -12 -12 -13 -12 -12 -13 -14 -14 -14 -15 -15 -16 -16 -16 -17 -17 -17 -18 -18 -18 -19 -19 -19 -20 -20
28 34 33 29 24 14 13 15 17 15 15 16 18 18 16 18 17 20 21 19 15 12 13 11 7 8 -1 -3 -1 -7 -1 10 13 11 6 0 -4 -2 1 4 0 -1 3 3 6 11 6 8 4 1 -1 -3 -3 -3 -5 -5 -5 -5 -7 -7 -8 -11 -13 -13 -13 -12 -12 -12 -12 -12 -13 -14 -13 -12 -13 -13 -14 -14 -15 -15 -15 -16 -16 -16 -17 -17 -18 -18 -18 -19 -19 -19 -19 -20 -21 -21
34 35 30 28 23 19 4 14 14 14 17 17 18 18 16 13 16 18 16 16 16 11 10 11 6 7 4 -1 -2 -3 -7 9 12 7 3 -2 4 -4 4 5 0 4 5 7 11 8 9 4 0 -2 -5 -1 -2 -3 -5 -4 -6 -4 -7 -8 -10 -12 -12 -12 -12 -13 -13 -13 -14 -13 -13 -14 -14 -15 -15 -15 -15 -15 -15 -16 -16 -16 -17 -17 -17 -18 -18 -18 -19 -19 -19 -20 -20 -20 -21 -21
31 34 28 23 16 17 14 12 13 12 15 15 16 18 17 14 14 15 14 13 12 11 13 12 9 -1 -3 -5 0 -4 -8 -2 6 10 -3 1 2 -4 -2 0 5 -1 7 11 9 7 1 -1 -4 -4 0 -1 -2 -4 -4 -5 -7 -4 -7 -9 -11 -12 -12 -13 -14 -14 -15 -13 -14 -13 -13 -13 -13 -13 -14 -14 -15 -15 -16 -16 -17 -17 -17 -18 -18 -18 -19 -19 -19 -20 -20 -20 -20 -20 -20 -21
22 24 22 17 25 25 21 14 12 12 13 12 15 17 17 13 11 10 13 14 13 11 12 15 11 9 1 -3 -2 2 -5 -9 0 3 0 -2 -4 -2 -1 -1 1 0 9 6 3 0 -1 -2 0 0 -2 -3 -3 -4 -3 -3 -5 -6 -6 -9 -11 -11 -13 -13 -12 -12 -11 -13 -12 -13 -14 -16 -16 -15 -14 -15 -15 -16 -16 -17 -17 -17 -18 -18 -18 -19 -19 -19 -20 -20 -21 -21 -22 -21 -21 -22
25 18 19 25 23 20 21 19 1 10 12 12 12 11 13 11 9 6 12 13 12 12 10 7 10 12 2 5 0 -2 -1 -9 -9 -2 0 4 4 -6 -1 5 9 8 6 0 -1 -3 -2 -1 -2 -3 0 -3 -3 -4 -5 -3 -5 -6 -8 -10 -11 -12 -12 -14 -14 -13 -14 -14 -14 -14 -15 -15 -16 -17 -17 -16 -16 -17 -17 -17 -18 -18 -18 -19 -19 -19 -20 -20 -20 -20 -21 -22 -23 -22 -22 -23
23 25 27 25 25 25 25 14 16 1 11 13 11 11 12 9 12 6 13 14 13 12 11 -1 -2 4 5 10 10 -4 -3 -2 -8 -10 -2 5 4 0 0 9 9 4 1 -2 -1 -2 0 -2 0 -2 -2 -3 -5 -3 -6 -5 -6 -8 -10 -10 -12 -13 -13 -13 -15 -15 -16 -16 -15 -15 -14 -15 -14 -15 -17 -18 -18 -18 -18 -18 -18 -19 -19 -19 -20 -20 -20 -21 -21 -20 -21 -23 -23 -23 -23 -24
25 25 26 24 26 21 14 10 15 13 9 10 12 11 11 9 9 9 13 11 13 11 5 2 -1 -1 0 13 11 -6 -3 -10 -3 -9 -6 -1 4 0 0 10 9 -1 0 -5 -2 -1 0 1 -1 -1 -2 -3 -5 -4 -5 -6 -8 -11 -13 -14 -15 -15 -14 -13 -13 -13 -15 -15 -16 -16 -16 -17 -17 -16 -16 -17 -18 -18 -18 -18 -19 -19 -20 -20 -20 -20 -20 -21 -21 -22 -22 -24 -24 -25 -25 -24
27 26 27 26 22 20 13 9 12 14 9 9 12 13 12 12 11 8 11 10 10 6 13 10 6 0 -4 -6 0 -6 7 -5 -5 -1 -10 -10 0 0 -1 7 -2 2 0 -5 1 2 -1 -2 -3 -3 -4 -5 -5 -6 -7 -10 -13 -14 -14 -13 -14 -15 -14 -14 -14 -13 -14 -15 -15 -15 -17 -17 -17 -18 -17 -17 -18 -18 -18 -19 -19 -20 -21 -21 -21 -20 -19 -20 -21 -22 -23 -24 -24 -25 -25 -26
29 28 27 24 21 17 15 9 9 7 8 9 10 12 11 13 12 9 10 10 13 14 12 14 15 14 7 1 -2 8 3 0 -4 -7 -5 -10 -11 -4 -4 -2 0 6 -6 0 -1 -4 -5 -5 -5 -5 -6 -8 -10 -11 -13 -14 -14 -14 -15 -14 -15 -15 -16 -17 -17 -18 -15 -15 -17 -19 -19 -18 -19 -20 -20 -20 -18 -18 -18 -18 -19 -19 -21 -21 -23 -22 -23 -22 -22 -23 -24 -25 -27 -25 -26 -27
30 26 24 24 21 21 14 8 2 7 9 10 10 10 11 10 10 9 8 13 17 14 14 15 14 13 9 10 15 5 3 0 0 -4 -4 -6 -10 -11 -8 2 0 -1 -2 -4 -5 -5 -6 -7 -7 -9 -10 -11 -13 -14 -12 -13 -13 -13 -14 -15 -16 -16 -17 -18 -18 -19 -18 -18 -17 -17 -18 -18 -18 -19 -18 -18 -18 -17 -18 -19 -19 -20 -20 -21 -22 -22 -22 -23 -24 -23 -24 -26 -26 -26 -26 -27
27 25 23 23 21 12 9 9 1 7 9 13 12 15 16 14 6 8 10 16 11 13 14 15 16 14 10 14 11 2 -2 2 -1 7 14 0 -9 -13 -13 -4 -3 -2 -3 -4 -6 -7 -7 -8 -10 -11 -11 -11 -12 -11 -12 -12 -13 -13 -16 -15 -15 -16 -17 -17 -17 -17 -18 -19 -18 -16 -17 -17 -19 -20 -20 -19 -21 -20 -20 -18 -19 -20 -20 -21 -22 -24 -23 -23 -24 -25 -25 -25 -27 -29 -29 -28
28 24 21 17 12 10 10 8 6 6 8 13 12 9 13 13 5 7 16 17 14 11 11 1 1 -1 12 12 8 0 -2 -1 0 12 12 10 6 -8 -14 -16 -2 -6 -4 -6 -6 -6 -8 -9 -10 -10 -10 -10 -11 -12 -13 -15 -15 -15 -15 -15 -16 -16 -15 -16 -17 -17 -17 -18 -18 -17 -17 -19 -19 -18 -20 -20 -21 -22 -22 -21 -21 -21 -21 -22 -22 -23 -24 -24 -24 -25 -27 -28 -28 -28 -29 -30
24 21 16 11 11 9 9 9 0 3 6 5 13 10 12 10 6 5 11 17 15 14 -1 0 5 -1 -4 -6 0 0 -3 1 6 10 13 11 9 -2 -9 -10 -16 -2 -4 -7 -7 -5 -8 -11 -12 -13 -13 -14 -14 -13 -13 -14 -15 -15 -15 -14 -15 -15 -16 -16 -16 -16 -17 -18 -18 -17 -17 -18 -19 -20 -20 -21 -21 -22 -22 -22 -23 -22 -22 -23 -23 -25 -24 -25 -25 -26 -27 -28 -29 -30 -30 -30
20 18 15 16 12 12 9 8 -1 1 0 4 12 10 11 9 8 7 10 12 15 15 17 18 4 -3 0 0 -6 -2 -7 4 11 10 2 5 -2 -3 -3 -6 -10 -12 -4 -6 -7 -8 -10 -12 -14 -14 -14 -14 -14 -13 -13 -14 -15 -15 -15 -15 -15 -16 -16 -16 -17 -17 -18 -20 -20 -18 -16 -17 -18 -19 -19 -20 -20 -21 -21 -22 -23 -23 -23 -23 -24 -25 -25 -24 -24 -25 -27 -29 -28 -29 -29 -30
13 14 13 14 11 10 12 9 0 1 -1 2 7 9 12 11 10 5 4 -3 5 14 17 16 0 5 1 11 0 -3 -6 0 -2 -2 8 -2 -3 -3 -3 -3 -7 -10 -4 -4 -7 -8 -9 -12 -14 -14 -14 -14 -15 -15 -14 -14 -14 -15 -15 -16 -16 -15 -16 -17 -17 -17 -18 -19 -19 -20 -19 -19 -21 -20 -18 -20 -20 -22 -21 -22 -22 -24 -25 -25 -24 -25 -26 -26 -27 -27 -27 -28 -28 -29 -29 -30
13 11 12 14 11 7 6 6 -1 0 -2 1 4 10 10 14 10 9 10 6 -3 12 13 4 -3 0 5 2 -3 -8 -2 9 10 9 -1 -3 -3 -3 -4 -5 -6 -7 -8 -4 -6 -7 -10 -12 -13 -13 -14 -16 -15 -15 -15 -15 -15 -16 -17 -17 -16 -16 -16 -17 -17 -16 -17 -18 -19 -20 -21 -20 -21 -22 -20 -19 -21 -21 -23 -25 -24 -24 -24 -25 -25 -26 -27 -27 -28 -28 -27 -28 -29 -29 -30 -31
12 13 11 11 9 12 13 10 4 0 -2 1 2 3 6 11 11 11 11 -4 -5 12 4 0 -2 0 -3 -4 -7 -4 8 11 7 -1 -3 -3 -4 -4 -4 -4 -5 -7 -7 -4 -6 -9 -12 -13 -13 -15 -14 -14 -15 -16 -16 -17 -16 -17 -19 -19 -19 -17 -16 -16 -18 -18 -17 -18 -20 -21 -21 -20 -21 -21 -22 -22 -23 -22 -22 -22 -22 -22 -22 -23 -24 -25 -27 -27 -26 -27 -28 -30 -30 -30 -31 -32
13 12 12 8 6 11 11 7 4 -8 0 2 1 1 2 3 3 0 3 0 -1 -3 -3 -2 -1 -2 15 -6 -5 11 6 -2 -3 -3 -3 -3 -3 -4 -5 -5 -5 -6 -6 -5 -7 -12 -13 -14 -13 -13 -14 -15 -15 -15 -17 -17 -19 -18 -19 -19 -20 -19 -17 -17 -17 -18 -18 -19 -20 -20 -21 -21 -20 -21 -22 -21 -24 -23 -22 -22 -22 -22 -22 -23 -23 -25 -27 -27 -28 -29 -30 -29 -29 -29 -31 -31
12 12 13 10 11 9 9 9 9 -4 -5 -1 1 2 1 1 2 1 1 -4 -2 1 -4 -2 13 16 8 -11 3 -1 -3 -3 -4 -4 -3 -3 -3 -4 -4 -5 -6 -5 -6 -7 -12 -15 -16 -15 -15 -15 -16 -16 -16 -15 -16 -17 -17 -17 -18 -19 -20 -21 -20 -17 -18 -19 -18 -19 -19 -19 -20 -21 -20 -20 -21 -21 -22 -23 -24 -23 -26 -25 -25 -26 -26 -26 -28 -28 -28 -28 -29 -29 -30 -30 -31 -32
10 11 10 12 12 11 12 13 9 8 -10 -1 -2 -2 7 7 -4 -9 1 1 0 1 1 -3 18 10 -1 -9 -3 -4 -4 -5 -6 -5 -2 -3 -3 -4 -5 -5 -6 -6 -9 -13 -16 -17 -16 -18 -17 -14 -15 -16 -16 -17 -18 -19 -19 -18 -17 -19 -20 -21 -21 -21 -20 -20 -19 -19 -19 -20 -20 -22 -22 -22 -22 -22 -23 -24 -25 -25 -26 -25 -24 -25 -25 -26 -28 -29 -29 -29 -30 -30 -29 -30 -31 -32
8 9 12 16 15 10 11 10 9 9 5 -1 -1 -5 -2 -6 -2 0 -4 2 1 -1 -1 -1 -1 -1 -2 -5 -3 -2 -5 -7 -8 -8 -5 -4 -4 -4 -6 -8 -10 -12 -15 -16 -17 -17 -18 -18 -18 -16 -14 -14 -15 -16 -17 -18 -18 -19 -19 -19 -20 -21 -20 -21 -21 -21 -20 -21 -20 -21 -22 -22 -24 -22 -22 -23 -25 -25 -27 -26 -26 -25 -26 -25 -26 -27 -27 -28 -28 -29 -30 -31 -31 -30 -31 -33
9 10 11 14 13 10 10 12 10 8 8 15 8 9 8 1 -1 -3 -1 -3 -7 2 0 0 0 -2 -1 -4 -6 -5 -3 -7 -9 -11 -12 -10 -9 -9 -8 -12 -15 -15 -15 -15 -16 -17 -16 -16 -16 -17 -16 -16 -16 -16 -17 -18 -19 -19 -18 -20 -20 -21 -21 -22 -22 -23 -21 -21 -21 -22 -22 -22 -22 -23 -24 -24 -24 -24 -25 -27 -29 -28 -28 -27 -26 -26 -26 -27 -28 -29 -30 -30 -30 -30 -32 -33
11 13 12 13 10 9 16 11 11 10 10 13 10 11 7 -2 2 -1 -2 -2 -1 -6 -2 -1 -1 -2 -2 -4 -5 -3 -5 -7 -9 -11 -13 -13 -12 -13 -14 -14 -14 -14 -15 -16 -16 -16 -17 -16 -17 -18 -22 -24 -24 -24 -18 -18 -19 -19 -19 -20 -20 -22 -21 -22 -22 -22 -22 -23 -23 -23 -22 -23 -23 -22 -23 -25 -26 -27 -28 -28 -27 -27 -28 -28 -27 -27 -27 -27 -28 -29 -30 -30 -31 -31 -32 -33
11 12 12 13 11 10 13 13 12 12 14 12 11 11 -2 0 6 10 4 6 -4 -1 -4 -4 -8 -2 -5 -6 -8 -5 -4 -7 -9 -11 -12 -12 -13 -13 -13 -14 -15 -15 -15 -15 -15 -16 -17 -20 -20 -21 -21 -20 -21 -22 -23 -27 -19 -19 -20 -21 -21 -21 -21 -21 -20 -20 -20 -21 -22 -23 -23 -23 -23 -24 -24 -25 -25 -26 -28 -29 -29 -28 -28 -28 -29 -28 -27 -27 -28 -28 -29 -29 -31 -31 -33 -36
10 13 8 8 9 6 7 11 14 13 12 13 14 12 -1 -2 -3 1 -1 9 0 -3 -2 -1 -1 -2 2 -3 -5 -7 -4 -7 -9 -11 -13 -13 -14 -15 -13 -13 -15 -15 -16 -17 -17 -17 -19 -20 -20 -19 -19 -19 -21 -21 -22 -23 -27 -26 -21 -20 -21 -21 -22 -23 -25 -25 -22 -22 -21 -22 -23 -23 -23 -24 -24 -25 -24 -27 -28 -29 -31 -31 -30 -30 -30 -31 -30 -30 -30 -31 -32 -32 -33 -35 -37 -39
9 9 10 5 4 2 6 16 21 13 11 12 12 9 -3 1 -5 -6 11 6 -2 0 -3 -2 -2 -1 -1 -2 -4 -6 -6 -7 -9 -12 -13 -13 -13 -14 -15 -14 -15 -16 -16 -16 -17 -18 -19 -19 -18 -18 -18 -18 -19 -20 -21 -22 -25 -28 -26 -21 -21 -21 -22 -23 -23 -25 -25 -23 -23 -23 -23 -23 -24 -25 -25 -29 -29 -29 -30 -30 -31 -32 -32 -33 -34 -34 -34 -32 -32 -33 -33 -33 -33 -36 -39 -41
5 7 11 12 10 2 -1 14 13 13 8 12 13 11 -1 -2 0 -5 -1 0 -1 -3 0 3 0 -1 -1 -2 -3 -5 -6 -8 -11 -13 -13 -15 -15 -14 -14 -14 -14 -15 -15 -18 -17 -18 -18 -18 -17 -17 -18 -19 -19 -20 -20 -22 -24 -26 -27 -24 -22 -23 -23 -23 -24 -25 -26 -27 -26 -25 -24 -24 -24 -26 -28 -28 -28 -29 -30 -30 -31 -32 -33 -32 -33 -34 -34 -34 -33 -34 -34 -34 -35 -37 -40 -43
5 9 9 12 1 0 -1 5 14 15 0 9 7 6 -2 8 -3 -2 0 -1 -5 -5 -1 1 2 -1 -2 -3 -3 -5 -6 -9 -10 -12 -14 -14 -14 -14 -14 -14 -15 -14 -15 -16 -17 -17 -17 -18 -18 -18 -18 -19 -19 -21 -21 -22 -23 -24 -25 -26 -25 -24 -24 -24 -25 -25 -26 -26 -27 -28 -29 -28 -29 -28 -28 -28 -28 -29 -30 -30 -31 -32 -33 -33 -33 -34 -34 -34 -33 -32 -34 -36 -38 -39 -41 -43
-2 0 1 5 6 0 0 -1 16 -1 9 7 0 -2 14 16 7 -7 -3 2 0 -4 -1 -1 -2 -3 -3 -5 -5 -8 -11 -13 -10 -12 -14 -15 -15 -15 -14 -14 -14 -15 -16 -17 -16 -17 -17 -17 -18 -18 -19 -18 -19 -21 -21 -21 -22 -24 -26 -26 -26 -26 -23 -24 -24 -25 -25 -26 -26 -28 -29 -29 -28 -28 -27 -27 -27 -28 -30 -31 -32 -32 -32 -33 -34 -35 -35 -35 -34 -34 -36 -37 -39 -41 -43 -44
5 -2 0 1 0 -1 0 -2 -3 0 -1 1 -1 0 15 12 -1 -3 -3 -3 -2 -2 -2 -3 -4 -4 -6 -7 -9 -12 -13 -13 -13 -13 -13 -14 -14 -15 -16 -15 -15 -15 -16 -16 -16 -16 -18 -17 -17 -17 -19 -20 -19 -20 -20 -21 -22 -23 -25 -27 -27 -25 -26 -25 -23 -24 -25 -26 -27 -27 -27 -28 -27 -28 -28 -28 -29 -30 -31 -31 -33 -33 -34 -35 -36 -36 -37 -38 -37 -38 -39 -39 -39 -40 -42 -45
13 -3 -6 -4 -4 -2 0 0 -1 -1 0 -4 -2 8 11 3 -1 -1 -1 -1 -7 -7 -5 -2 -5 -7 -8 -10 -12 -13 -12 -13 -13 -13 -13 -14 -15 -14 -15 -15 -14 -16 -16 -15 -17 -17 -17 -18 -17 -17 -18 -20 -19 -20 -22 -22 -22 -23 -24 -26 -26 -27 -24 -26 -24 -24 -24 -25 -26 -26 -27 -27 -27 -28 -28 -30 -31 -32 -32 -33 -34 -34 -35 -35 -36 -36 -36 -36 -36 -36 -37 -38 -41 -43 -44 -47
12 9 3 0 -3 -2 -2 -3 -2 -3 -1 -4 5 -2 9 1 -1 0 -2 4 1 -1 -2 -7 -4 -7 -10 -11 -13 -13 -12 -12 -12 -14 -14 -13 -14 -14 -15 -14 -14 -14 -15 -16 -16 -16 -16 -19 -19 -18 -20 -20 -22 -20 -20 -21 -21 -22 -23 -24 -26 -27 -25 -25 -25 -25 -25 -25 -27 -26 -26 -27 -27 -27 -30 -32 -33 -33 -32 -33 -33 -34 -35 -35 -36 -37 -37 -38 -36 -36 -38 -39 -41 -43 -46 -47
13 13 13 -1 -4 4 1 -1 0 0 -3 -9 -7 0 -2 -1 0 -4 -1 -1 -2 -2 -2 -4 -4 -7 -11 -13 -12 -13 -13 -12 -13 -13 -13 -13 -13 -16 -16 -16 -14 -14 -15 -15 -16 -18 -17 -18 -18 -19 -19 -20 -22 -23 -23 -23 -22 -21 -22 -24 -26 -26 -26 -25 -25 -25 -26 -25 -26 -25 -26 -27 -30 -32 -33 -33 -34 -34 -34 -34 -34 -35 -36 -36 -37 -38 -38 -39 -39 -38 -38 -40 -41 -43 -45 -47
13 12 11 15 16 10 16 -3 -3 0 -1 -6 -2 -6 -5 -6 -1 -6 -2 -3 -3 -3 -3 -4 -5 -10 -12 -11 -12 -12 -13 -13 -13 -13 -14 -15 -16 -15 -16 -16 -16 -15 -14 -15 -16 -17 -19 -19 -19 -20 -20 -21 -22 -22 -24 -24 -23 -23 -22 -23 -26 -27 -27 -24 -25 -25 -25 -24 -26 -27 -28 -30 -31 -32 -33 -34 -34 -34 -34 -34 -34 -35 -35 -36 -37 -38 -39 -39 -38 -38 -39 -39 -41 -43 -46 -47
13 11 12 15 16 15 17 -1 -5 -2 -1 -4 -5 -5 -1 -2 -2 -7 -2 -3 -5 -6 -6 -8 -11 -13 -13 -12 -12 -12 -14 -14 -13 -13 -15 -15 -15 -14 -15 -16 -17 -17 -16 -15 -16 -18 -19 -19 -19 -19 -19 -20 -21 -23 -23 -22 -22 -23 -23 -24 -27 -26 -27 -24 -25 -26 -25 -25 -26 -28 -29 -30 -32 -32 -32 -35 -35 -34 -34 -34 -34 -35 -36 -37 -38 -38 -38 -39 -38 -38 -39 -39 -41 -44 -46 -48
