M05 Assignment/Mississippi.asc
ncols        628
nrows        348
xllcorner    -93.841666666667
yllcorner    26.608333333333
cellsize     0.016666666667
[rows 92 to 137 of 348, columns 0 to 95 of 628]
80 68 71 80 78 82 73 71 67 66 64 62 62 62 64 43 33 33 35 35 37 35 38 44 55 60 62 65 66 69 66 66 68 63 61 62 57 56 63 64 63 62 61 61 58 56 52 57 55 52 54 50 50 44 41 44 50 50 46 43 52 55 50 48 50 49 44 44 46 41 38 46 46 43 45 42 45 42 43 47 44 41 44 41 48 49 44 51 53 46 43 29 23 16 20 24
97 83 62 79 66 72 69 64 66 64 59 55 57 60 61 52 31 31 36 37 40 40 44 60 61 60 62 67 67 66 68 65 65 62 60 56 56 57 57 56 57 61 62 59 56 52 50 50 55 51 51 50 46 39 40 51 51 47 42 52 53 50 47 48 45 45 45 43 46 39 38 44 45 44 42 43 43 42 41 44 44 42 39 45 44 47 41 41 43 47 42 35 25 23 19 16
83 84 69 64 72 62 61 58 57 56 52 51 52 49 44 41 33 33 35 36 41 48 54 58 64 64 63 62 64 64 64 63 60 61 59 59 54 56 54 53 53 55 55 58 56 57 52 47 52 54 46 49 46 42 37 48 51 43 42 50 50 44 41 41 42 41 39 42 43 37 38 40 43 43 42 40 38 39 41 41 39 37 38 41 46 45 39 38 44 46 42 40 33 31 18 15
71 70 72 59 66 64 61 57 55 54 48 44 51 42 32 31 32 33 34 35 41 52 62 62 67 65 65 64 65 66 66 66 61 58 52 49 49 54 52 49 52 53 50 51 56 57 51 44 50 50 45 50 47 43 37 43 47 40 46 44 43 40 39 39 41 40 41 40 40 37 37 41 39 41 40 39 38 35 39 44 40 36 35 42 49 40 38 36 45 44 40 44 36 28 23 18
68 61 63 56 60 53 52 50 50 47 48 39 50 34 28 30 30 30 33 35 44 54 59 65 65 62 62 63 60 60 59 61 59 55 56 56 51 50 49 48 47 51 48 50 52 55 53 48 45 43 44 46 45 42 36 36 49 40 46 39 38 37 39 38 39 40 39 38 38 37 38 42 43 40 38 40 36 37 36 37 36 39 31 41 44 37 32 33 33 38 38 39 37 31 27 27
66 60 55 56 53 47 46 44 46 44 46 37 38 32 28 30 31 32 32 38 54 58 62 64 64 60 61 64 60 58 57 58 61 56 53 51 49 46 44 41 42 43 44 47 48 47 49 52 46 41 40 41 38 38 36 34 44 39 42 40 36 36 35 36 35 39 39 37 32 37 40 41 40 41 40 38 38 34 32 32 33 36 32 43 45 38 36 28 37 38 40 35 32 33 28 28
55 52 55 47 48 44 42 43 44 42 43 40 33 31 29 30 29 31 33 38 50 62 64 64 62 62 59 61 59 57 54 58 60 56 54 55 52 51 49 47 44 45 41 36 45 45 47 45 46 44 41 42 38 36 35 32 35 37 38 36 34 35 35 38 36 35 35 33 31 36 40 39 37 40 42 39 36 37 36 34 31 34 37 39 39 36 36 33 30 34 30 25 31 30 29 27
49 53 49 45 44 42 40 40 41 33 36 33 30 29 28 28 29 31 37 43 54 65 70 69 67 59 57 54 54 54 54 57 55 52 51 50 51 53 52 50 48 45 42 34 35 41 43 41 43 43 46 45 46 43 38 31 33 34 34 34 35 33 33 36 35 35 34 32 33 35 37 39 38 41 39 38 41 36 37 40 34 31 34 38 33 30 27 27 22 25 25 26 31 32 29 26
45 44 43 44 40 39 43 39 36 31 29 29 29 28 27 26 28 31 38 47 51 57 64 65 65 61 57 51 50 50 55 56 53 51 46 47 49 49 50 51 51 52 47 43 30 34 36 39 38 43 51 45 41 41 39 34 29 32 31 34 33 30 33 32 33 33 31 30 35 34 36 34 36 39 40 36 39 37 33 33 30 25 28 27 26 23 21 21 21 22 22 23 26 31 27 24
42 42 41 39 42 41 38 36 30 28 28 29 29 27 28 26 28 37 43 45 48 55 67 62 64 60 59 50 48 51 54 54 51 50 45 45 46 46 48 53 51 50 47 46 38 33 33 34 37 38 44 42 39 36 35 35 28 30 31 32 33 31 30 30 32 28 30 33 34 35 33 35 40 39 36 34 38 38 29 26 26 22 27 24 20 21 21 21 21 21 21 22 21 23 24 24
43 39 38 36 39 40 36 28 29 29 28 28 29 27 29 28 32 37 48 49 50 56 58 58 56 54 53 47 45 50 52 51 50 50 46 44 44 43 48 48 48 46 42 43 42 44 38 32 32 35 38 41 37 33 35 31 28 29 34 33 30 30 29 34 29 30 31 33 34 33 34 36 39 36 33 31 37 30 22 24 26 21 20 20 20 21 22 22 22 21 23 22 22 24 24 24
41 37 35 37 39 38 32 28 28 27 27 28 25 28 28 29 38 45 49 54 55 58 51 54 58 54 49 44 53 51 50 49 48 48 48 42 42 41 44 43 46 46 46 46 40 46 43 33 32 30 35 39 33 31 30 27 25 27 28 29 30 31 29 28 26 28 30 32 31 33 35 37 34 33 33 29 25 25 21 24 20 18 19 19 19 20 21 21 21 21 21 21 21 24 25 23
34 36 35 37 41 35 28 28 29 30 25 29 28 30 30 33 40 43 45 49 56 55 47 52 53 56 45 44 50 48 47 45 45 54 47 45 40 39 44 42 48 43 42 43 40 38 34 32 32 27 31 31 27 27 25 21 26 28 31 27 30 26 24 25 27 29 29 29 30 33 36 34 35 31 31 27 21 21 21 19 18 18 19 19 20 19 19 21 21 21 21 22 20 23 22 23
37 37 33 36 39 31 28 29 27 27 28 27 26 25 31 34 36 40 41 51 49 46 46 48 51 47 48 41 45 49 48 46 41 48 46 45 40 37 40 46 41 40 40 43 37 34 35 32 31 31 30 25 22 29 23 26 33 28 32 29 29 27 28 30 24 23 25 27 29 31 34 31 28 26 27 27 20 19 17 17 18 18 18 18 19 19 20 20 20 19 20 22 20 20 21 21
43 39 29 42 31 28 28 27 27 23 19 19 23 29 34 39 44 47 43 45 45 47 46 45 48 43 42 43 42 46 47 43 41 41 40 42 39 37 38 40 40 41 41 38 41 35 36 35 34 34 30 26 25 24 22 31 30 33 26 27 26 26 27 26 22 22 23 24 25 27 30 27 28 23 24 19 17 21 17 19 18 18 18 18 18 21 20 19 18 19 20 20 20 20 20 21
38 35 29 35 31 27 27 26 27 22 18 25 31 40 40 42 43 45 47 45 44 49 43 45 45 36 39 39 40 45 44 44 42 41 41 42 41 37 39 39 38 37 40 41 43 42 34 35 37 34 34 27 27 21 20 28 25 27 29 24 26 24 26 25 24 23 23 23 24 23 28 25 21 20 19 18 18 22 17 15 17 17 18 18 18 19 19 18 17 21 20 19 20 18 19 20
35 34 31 27 28 27 24 23 26 25 27 34 37 39 44 43 41 42 45 44 43 42 42 45 41 37 37 37 41 41 41 43 41 41 39 38 39 37 34 34 34 35 39 38 37 36 34 33 34 29 25 21 21 20 22 24 23 29 28 23 25 24 29 30 22 26 25 23 21 22 22 22 22 27 23 19 20 22 16 16 15 15 17 16 18 19 19 19 19 18 19 18 18 18 18 20
36 33 28 28 25 24 24 24 24 28 41 32 36 40 43 42 43 41 42 45 38 40 47 44 35 36 39 39 39 41 42 36 38 38 35 36 36 36 32 33 29 33 39 33 32 33 36 31 30 21 20 19 17 19 19 21 25 24 20 22 21 20 28 23 25 31 29 26 25 23 20 21 21 17 19 19 18 16 17 18 15 15 15 16 17 18 19 19 19 18 18 19 19 20 19 19
32 28 25 26 22 23 24 24 25 32 31 32 39 44 49 42 42 41 39 36 36 39 40 38 36 34 37 37 38 37 36 35 34 33 35 33 36 36 33 31 26 26 32 31 31 33 34 30 24 22 18 19 20 19 19 22 23 24 22 23 22 19 21 24 25 28 32 30 27 23 25 28 20 14 17 16 15 17 17 14 16 16 17 17 18 18 18 20 22 17 18 19 19 19 18 19
29 23 23 23 23 21 22 26 23 27 32 36 40 40 43 41 38 41 34 34 32 40 35 32 33 33 35 35 36 37 33 33 33 31 32 30 33 35 34 30 26 25 30 39 35 32 31 24 21 18 18 23 20 19 20 21 21 21 21 22 20 19 18 22 21 25 31 32 33 29 27 27 19 16 18 14 16 18 14 15 17 18 18 18 18 21 22 19 19 16 18 17 17 18 18 19
26 23 25 24 23 24 23 23 22 35 37 36 37 37 40 41 39 41 34 32 32 37 37 32 30 28 31 31 33 34 32 32 32 30 29 31 32 30 32 29 27 24 28 32 31 31 27 19 22 21 20 18 19 17 16 18 19 17 19 20 23 19 21 25 23 32 25 27 23 23 22 20 19 19 18 13 14 13 16 17 17 17 20 20 19 18 17 17 17 17 17 16 18 17 18 18
25 22 27 24 24 24 23 23 22 31 31 33 35 39 37 36 37 33 31 31 31 32 32 30 30 29 26 26 26 31 34 28 29 27 27 29 30 29 29 25 25 24 23 26 30 27 23 21 22 18 17 16 14 15 15 15 19 20 21 18 18 18 16 18 27 28 27 22 23 21 20 24 20 20 16 14 13 15 17 18 16 17 17 18 16 17 17 17 17 17 18 18 17 17 18 17
24 22 20 22 23 24 25 21 22 33 32 33 39 39 34 36 29 29 31 32 34 35 35 30 28 29 28 25 28 32 31 29 26 25 24 27 32 30 26 22 22 20 20 22 29 24 19 19 17 17 16 16 14 15 16 17 17 17 18 18 16 15 16 16 18 25 24 24 20 19 19 21 21 21 19 16 16 15 15 20 17 17 17 16 17 19 20 18 18 17 18 20 18 18 17 18
24 22 20 20 21 23 22 21 23 32 33 33 31 33 29 28 29 31 34 35 35 34 34 31 31 31 27 23 25 28 30 26 23 22 22 25 25 24 28 25 22 21 20 22 25 27 18 16 16 16 14 16 13 15 17 17 16 14 15 17 18 17 15 17 17 19 19 19 19 17 18 19 21 20 19 15 14 13 15 17 17 17 16 14 16 16 16 17 16 16 16 20 16 16 17 18
21 20 22 20 21 20 22 22 23 31 31 28 30 30 26 28 33 34 35 32 31 32 35 32 28 26 32 24 19 23 26 26 24 18 21 24 23 23 24 22 23 24 24 21 18 18 17 16 17 16 15 16 17 17 14 17 14 13 14 15 16 15 16 18 16 22 17 16 16 17 15 18 21 17 17 15 15 13 14 16 17 14 14 14 14 18 16 16 18 21 18 16 15 16 17 17
20 20 19 20 19 21 22 23 24 31 27 31 31 25 23 29 33 33 33 33 32 30 32 32 27 26 31 27 21 23 23 24 27 21 22 24 20 20 21 21 21 20 19 18 19 18 16 15 16 13 16 15 14 16 16 15 15 13 13 14 14 14 15 18 15 15 15 15 15 16 14 15 18 20 22 16 16 15 15 13 16 12 11 13 14 17 19 17 19 17 14 15 16 17 16 16
20 21 19 21 20 22 20 20 21 27 31 23 23 23 30 31 30 30 30 31 28 30 27 30 25 26 30 25 19 21 25 23 18 19 24 20 16 16 17 15 15 17 17 17 16 18 14 13 15 13 14 12 12 20 15 12 13 15 15 14 15 16 18 16 14 14 15 16 16 15 14 15 16 18 16 15 12 12 14 16 15 12 12 16 17 13 13 13 13 13 15 15 14 15 14 14
19 21 18 20 19 20 20 21 26 28 27 23 26 28 31 29 28 24 28 30 27 25 24 25 25 21 22 21 16 20 21 18 11 13 16 18 15 12 13 15 11 13 13 13 12 12 12 12 15 10 11 10 13 17 14 13 11 14 18 13 13 17 17 13 13 13 14 15 14 14 13 13 16 18 15 12 13 12 15 17 14 18 14 15 16 13 13 13 13 13 15 14 13 14 14 15
19 19 19 19 19 19 18 19 21 21 23 21 24 25 27 26 27 26 25 28 26 22 21 21 21 21 19 17 15 14 17 16 12 13 11 12 11 9 9 12 18 14 12 10 10 11 12 12 14 11 12 12 13 13 15 15 13 18 17 14 14 17 13 12 12 12 13 13 14 14 13 11 15 15 13 11 12 11 18 17 15 21 20 15 13 13 14 14 14 13 13 13 14 14 14 15
19 20 21 20 20 18 16 17 18 19 20 19 21 24 23 26 26 24 18 22 21 18 18 17 19 20 18 14 14 15 17 15 14 14 11 11 10 11 9 10 11 13 14 9 11 11 12 11 10 13 10 14 11 11 13 16 14 12 15 13 12 11 12 13 12 12 13 13 13 13 12 10 11 14 13 11 11 11 14 17 14 13 15 14 14 13 13 12 12 11 12 13 14 15 16 15
19 19 19 23 20 19 18 19 17 22 21 18 23 26 24 23 27 24 19 22 19 14 16 16 14 18 19 15 11 11 14 15 12 10 11 11 10 9 11 8 9 11 11 9 10 10 11 11 12 14 12 14 11 10 10 13 12 11 12 11 10 11 12 12 13 13 13 13 12 11 11 9 13 15 12 11 11 12 14 14 11 12 13 13 12 12 12 11 11 11 12 11 14 15 14 14
17 18 17 19 18 18 16 17 18 15 17 16 22 23 21 23 21 17 13 19 16 13 17 15 15 14 14 15 15 12 10 10 12 12 11 12 12 11 10 8 10 9 8 10 8 11 12 13 13 10 11 12 10 11 10 11 12 11 11 11 11 12 12 13 13 12 13 12 11 11 9 9 11 15 13 11 11 12 13 11 10 11 11 11 11 12 11 11 11 12 12 11 15 13 13 13
18 19 16 17 17 18 18 18 18 15 18 17 18 19 19 20 19 17 15 14 13 11 11 13 14 13 14 10 10 12 12 10 14 15 13 13 13 14 13 10 10 10 11 8 10 9 11 9 9 10 9 9 10 10 11 11 11 11 11 12 12 12 12 12 12 11 11 10 9 11 9 8 12 11 10 10 10 14 13 10 10 9 9 9 10 15 11 10 12 12 10 9 15 11 11 12
19 18 18 18 15 17 16 17 16 15 15 18 17 17 15 17 20 18 15 15 13 12 12 14 13 12 11 10 10 10 12 12 12 12 11 11 15 14 14 17 16 15 13 9 10 12 11 11 10 10 9 8 9 10 10 11 11 11 11 11 12 12 12 12 10 10 10 9 8 10 9 8 11 16 11 10 10 13 12 11 10 8 8 8 8 10 12 10 10 12 14 10 13 10 10 14
15 18 17 15 16 15 14 14 13 15 17 19 18 13 11 15 15 17 16 16 18 16 17 16 14 13 12 13 14 13 13 10 11 11 17 11 12 12 11 10 7 6 8 9 9 9 8 8 7 8 7 8 11 10 11 11 11 11 12 11 11 11 10 10 10 9 8 7 7 9 10 8 12 12 9 10 10 14 13 10 9 8 8 7 7 8 9 14 10 12 13 12 11 11 11 16
16 16 18 18 16 15 16 17 16 19 16 17 18 17 16 15 15 15 14 13 13 10 9 9 10 12 9 9 11 11 12 11 11 11 13 12 8 3 3 6 8 7 7 9 9 8 7 7 8 8 7 9 10 10 10 9 11 10 11 10 9 9 9 9 9 8 7 7 7 8 9 7 11 12 11 9 9 14 17 12 8 7 6 6 6 6 8 12 13 10 10 10 11 10 14 12
18 17 20 19 17 17 14 15 16 18 16 16 16 15 14 8 9 11 10 10 13 8 6 6 9 11 12 9 9 7 10 10 10 11 12 12 13 5 4 10 10 8 7 7 6 7 8 7 7 7 8 10 11 10 9 7 9 10 11 9 7 7 8 8 9 8 7 7 6 6 8 8 9 12 9 7 8 10 12 8 7 7 6 6 6 6 8 8 12 9 13 12 13 13 15 11
19 19 19 18 18 16 16 15 16 16 12 12 12 12 12 10 8 10 13 13 9 9 10 9 7 8 11 11 9 13 12 11 12 9 9 -8 -7 -9 -8 10 10 10 8 8 7 8 9 10 7 8 10 12 10 9 9 7 7 8 8 7 6 7 6 6 7 8 8 7 5 5 9 8 10 11 8 7 9 9 5 6 7 8 5 5 5 6 8 9 9 8 7 8 7 9 12 11
13 14 18 17 18 15 12 14 16 14 11 10 9 9 11 10 10 9 10 8 8 10 13 12 11 14 12 9 10 12 12 11 11 8 -3 -6 -3 -1 9 8 7 7 7 8 8 7 8 6 6 9 9 10 9 8 7 8 7 7 8 7 8 9 7 7 7 9 7 6 5 6 9 10 9 13 8 8 8 5 5 6 9 7 4 5 5 6 8 8 7 7 7 7 7 9 12 11
14 15 14 17 20 15 14 15 15 12 12 16 12 8 8 9 9 9 8 7 6 6 9 13 12 14 13 8 9 12 12 9 11 0 -11 2 -2 8 10 8 6 7 7 7 7 7 8 7 7 8 9 9 7 7 7 11 6 7 8 8 6 8 6 6 7 7 5 5 4 4 9 9 7 10 7 9 12 9 8 10 11 5 6 7 8 9 8 9 9 6 6 7 7 8 10 9
13 13 14 13 16 15 13 11 12 12 13 13 14 13 9 9 9 8 6 6 7 7 9 7 12 12 14 7 9 9 9 9 4 -8 -1 12 11 10 10 9 6 7 7 7 8 7 7 8 8 8 9 8 7 6 6 10 8 6 6 6 7 7 5 6 6 5 5 4 4 5 7 7 5 5 7 7 4 7 10 10 10 8 10 9 7 8 7 8 8 6 6 7 8 8 8 10
8 10 12 14 14 15 12 12 11 12 12 13 12 12 8 9 8 7 5 5 6 6 6 7 11 11 10 6 7 8 9 -10 -7 -3 11 11 12 10 10 9 7 8 7 7 7 8 8 8 8 8 7 6 6 5 4 8 11 7 8 7 7 5 5 5 5 4 3 3 4 5 6 7 6 6 6 6 3 3 4 5 4 4 5 5 5 5 5 5 6 6 6 8 8 8 7 10
12 8 9 10 13 13 12 12 11 9 9 12 10 8 8 6 5 7 5 6 6 6 6 6 10 9 6 7 7 8 10 -1 -2 8 11 10 10 10 8 10 7 7 7 7 7 7 7 8 8 7 6 5 6 5 5 3 9 12 9 6 5 4 4 3 4 4 3 2 3 4 5 7 8 9 7 3 3 2 3 3 3 4 4 4 5 6 6 6 6 6 6 7 7 6 9 10
11 12 10 8 7 11 12 10 9 8 8 11 7 5 5 5 4 5 5 5 5 6 6 6 8 11 6 6 7 9 -9 -4 9 9 7 8 8 9 7 8 8 7 6 7 7 7 8 8 7 6 5 4 4 5 5 5 13 10 7 6 4 4 4 3 3 2 3 3 3 4 5 7 12 9 5 3 2 2 2 3 4 3 4 4 5 5 5 5 6 6 6 6 8 11 9 7
13 8 9 11 8 11 7 7 6 4 6 11 5 4 4 5 7 5 5 5 5 5 5 5 8 9 5 5 7 5 -1 -8 12 9 6 6 6 7 8 7 6 5 5 5 6 7 7 7 6 5 4 3 4 5 9 7 11 4 2 2 3 2 2 2 3 2 3 3 3 4 4 5 10 8 3 2 2 2 3 4 3 3 4 4 5 5 4 6 5 5 6 7 8 7 7 7
10 7 7 10 12 9 7 4 3 1 7 7 4 3 3 3 3 8 8 4 4 5 5 5 7 7 6 5 6 -1 -4 7 8 6 6 6 5 6 6 5 4 5 5 5 6 7 6 6 5 5 4 3 5 7 9 11 7 3 3 3 2 2 2 3 3 3 3 3 3 3 6 8 11 7 7 2 4 5 9 4 4 3 3 4 5 5 4 5 5 5 8 7 6 6 6 6
