M05 Assignment/Mississippi.asc
ncols        628
nrows        348
xllcorner    -93.841666666667
yllcorner    26.608333333333
cellsize     0.016666666667
[rows 46 to 91 of 348, columns 192 to 287 of 628]
151 148 152 145 139 148 147 146 152 151 152 154 149 143 135 134 137 137 130 128 122 114 105 101 112 108 112 94 81 75 72 71 65 71 78 95 114 118 96 109 124 140 145 141 154 150 141 115 120 113 132 138 130 113 118 131 128 114 114 111 113 112 106 119 110 98 89 109 133 133 121 111 102 97 87 85 79 81 73 70 77 84 83 82 96 103 74 68 69 80 85 79 76 71 73 71
148 144 145 143 136 146 142 150 155 152 145 155 154 154 149 149 143 137 135 136 134 126 112 99 104 102 113 93 89 78 71 68 65 68 82 109 122 116 93 99 112 124 128 145 142 135 126 110 113 111 133 136 140 115 109 120 122 114 107 106 108 107 106 112 114 104 89 93 118 139 135 130 123 113 108 112 94 78 69 67 79 88 88 77 78 82 82 67 67 77 85 80 77 68 68 70
142 134 136 134 130 137 146 151 151 146 147 152 152 151 149 150 153 147 137 125 138 131 116 98 89 89 87 82 73 75 71 64 62 63 89 125 122 115 93 93 113 113 131 131 137 131 108 119 114 107 113 125 138 119 108 105 114 116 111 101 101 100 108 109 105 103 91 84 110 125 120 113 125 130 108 98 95 79 69 81 83 88 88 78 75 72 76 77 62 75 83 79 70 62 70 81
143 143 124 135 145 139 148 152 144 148 148 151 150 145 147 153 155 148 143 130 124 133 113 102 92 104 94 88 88 83 74 65 65 61 69 106 118 108 88 91 102 111 123 130 121 104 102 112 103 104 121 129 144 128 122 105 100 103 107 108 96 94 99 108 102 106 94 83 87 103 110 104 109 136 117 106 110 88 66 71 91 100 92 79 74 69 70 72 67 77 83 80 69 61 67 81
142 132 119 135 139 145 152 150 141 149 147 150 143 138 147 148 149 140 131 141 124 118 114 98 118 126 113 111 100 87 77 67 63 64 67 86 101 103 82 110 125 121 117 125 99 116 103 104 121 122 128 132 140 133 135 123 109 99 96 94 96 93 90 101 102 96 94 84 83 95 102 96 106 123 111 97 108 95 70 65 85 101 103 86 82 77 67 65 75 97 84 83 72 61 61 79
132 113 122 140 139 148 149 145 142 134 139 137 140 141 152 149 148 137 127 120 119 104 104 104 123 133 134 128 105 99 87 70 63 62 63 66 91 86 84 112 120 108 115 105 95 107 94 116 137 143 142 137 136 133 121 127 111 101 99 95 88 87 86 95 103 105 104 92 81 87 101 93 99 111 110 98 93 93 87 72 69 96 101 104 96 80 68 64 78 103 90 77 71 68 59 68
114 117 140 147 149 149 151 150 148 141 132 142 148 148 145 147 150 147 135 128 116 122 129 114 133 132 121 110 95 84 81 77 67 60 60 63 74 74 94 113 112 105 117 98 89 90 110 130 132 140 152 145 145 134 119 113 119 105 101 91 91 90 85 91 91 99 97 102 93 79 87 86 103 110 115 104 102 105 94 75 67 85 96 102 101 84 74 66 69 95 98 82 74 66 59 64
120 130 135 138 146 148 147 143 149 145 137 136 150 142 142 146 149 145 139 132 134 141 137 118 132 133 118 107 92 104 110 108 82 62 62 63 68 70 88 100 96 99 93 86 89 109 123 125 130 143 133 134 138 140 130 120 108 99 96 97 94 91 85 86 88 91 93 100 105 92 78 75 90 98 108 101 101 100 93 69 64 75 84 100 99 92 81 63 66 81 103 95 73 68 59 59
110 121 130 143 145 142 141 144 151 143 140 129 140 134 142 142 151 145 140 134 143 139 137 130 133 142 130 116 97 122 127 107 84 63 61 63 66 72 84 87 83 78 86 115 115 118 106 118 121 130 133 118 138 144 143 132 115 107 115 103 100 96 100 93 82 82 95 93 97 102 95 79 71 88 97 96 94 96 87 66 63 71 89 98 101 90 79 62 64 73 85 107 91 68 59 61
127 139 137 147 144 141 138 144 150 143 139 130 131 129 134 134 140 139 149 145 149 144 137 132 140 140 135 125 110 131 117 97 105 66 59 61 62 69 76 83 69 83 104 113 113 103 103 115 108 117 121 123 144 142 141 138 129 127 124 108 104 98 91 89 85 80 83 84 90 86 91 86 71 76 90 92 91 101 86 65 60 67 85 98 97 91 87 68 58 68 75 92 108 90 67 55
140 138 144 144 139 138 134 141 144 136 141 132 129 135 138 143 142 145 147 143 144 152 145 139 142 134 134 121 119 126 108 120 124 107 61 58 60 63 68 67 74 86 99 109 97 89 106 102 107 121 113 116 122 133 137 130 133 133 132 128 118 104 95 93 93 87 74 75 73 76 73 77 77 71 86 83 88 92 88 65 57 63 83 95 95 86 80 64 59 78 80 84 96 106 84 67
143 148 149 147 143 143 142 135 141 133 125 121 132 138 142 140 145 146 146 146 145 148 146 142 143 137 126 121 129 115 117 129 120 110 75 57 62 66 63 65 78 84 90 98 82 92 96 93 108 121 128 101 110 113 117 123 132 129 133 135 123 113 107 95 89 88 90 85 82 88 78 70 70 63 70 88 89 87 86 68 55 60 80 90 87 82 76 63 56 80 81 75 84 99 85 73
142 149 149 148 148 143 139 132 128 128 136 123 128 130 132 136 148 142 142 139 145 145 145 141 138 140 133 133 122 126 127 137 130 122 106 77 61 58 60 60 65 73 83 82 84 84 96 109 118 133 126 100 98 97 115 137 133 127 124 127 132 125 121 112 103 88 93 88 85 95 85 76 67 61 64 75 85 82 86 71 53 58 73 87 92 86 79 63 55 65 78 76 72 79 88 77
146 147 146 148 149 141 135 141 139 136 132 120 134 141 141 144 145 143 137 133 144 140 137 142 135 143 142 138 132 136 131 132 135 119 115 113 89 60 58 59 63 62 70 73 82 89 103 106 107 112 113 94 102 110 118 135 135 131 125 120 125 125 121 117 105 95 98 85 93 98 87 79 76 73 64 61 73 85 88 72 54 55 68 91 95 93 82 73 56 56 66 75 75 68 80 74
148 144 138 147 144 143 143 140 138 130 120 124 139 136 142 145 136 143 131 135 154 146 127 134 127 134 138 140 143 142 135 121 125 128 115 91 84 79 59 58 55 60 64 72 78 89 89 93 102 94 97 88 111 104 115 122 125 118 126 125 119 120 119 123 116 109 104 98 97 96 84 81 75 70 66 58 61 77 78 66 57 54 61 82 90 88 90 79 69 54 56 70 76 63 69 68
147 142 136 148 149 149 145 135 131 125 118 125 127 137 139 137 135 136 127 141 149 139 122 125 126 127 132 137 140 142 132 124 118 110 100 91 115 117 99 68 59 63 63 61 70 80 84 105 101 86 83 82 91 101 109 111 119 109 116 112 123 119 113 124 131 125 116 119 111 91 86 81 79 73 68 64 58 60 62 62 57 50 55 77 81 87 86 85 77 65 51 58 69 72 59 65
142 133 140 145 148 144 144 137 133 132 120 115 128 135 132 134 129 130 126 136 132 116 122 129 129 135 140 139 140 144 142 136 127 123 113 103 124 116 110 86 58 56 57 58 62 74 74 72 77 80 93 107 110 114 122 127 117 106 111 99 108 119 108 119 125 122 114 121 121 111 103 90 81 78 74 70 68 61 54 55 56 49 55 71 80 85 85 80 78 65 50 47 56 72 64 55
139 131 140 142 144 143 145 140 134 131 126 113 114 127 123 134 133 116 124 128 116 115 124 138 137 136 138 140 137 138 134 138 136 127 123 110 130 131 127 110 84 53 52 55 57 61 71 82 85 100 101 105 109 112 112 120 120 104 115 104 97 111 114 105 112 121 109 116 131 124 121 111 97 91 85 79 75 64 62 52 48 49 50 69 79 84 82 83 82 77 56 46 47 67 70 54
135 128 144 148 143 138 141 141 135 133 127 116 105 113 118 128 132 129 115 122 111 131 131 130 136 133 132 135 137 131 129 130 128 132 125 126 135 129 119 111 103 78 56 58 54 54 65 73 80 80 88 107 106 110 100 106 121 110 95 95 94 101 107 108 100 113 112 111 123 119 109 124 114 113 93 77 71 71 67 60 55 48 49 61 71 76 75 79 76 72 62 50 46 55 75 63
127 134 142 140 137 137 136 141 135 132 129 126 118 104 109 119 130 129 123 111 109 123 131 132 134 124 132 134 139 136 132 126 123 126 126 128 135 134 128 116 106 95 74 53 50 52 56 65 75 81 94 114 118 107 95 94 101 104 108 89 88 101 105 121 109 100 103 106 113 107 104 109 106 115 107 88 79 77 70 64 58 49 45 48 56 65 75 78 75 75 67 52 45 52 72 68
126 137 131 141 133 130 135 140 142 136 131 136 131 120 107 103 112 122 126 119 107 123 121 122 126 122 132 136 134 133 129 126 119 120 120 134 130 125 130 130 121 105 86 62 53 52 56 59 71 77 88 104 117 102 89 95 89 87 85 83 96 99 111 124 117 109 99 96 100 103 104 100 102 119 120 108 100 91 79 67 61 52 47 45 47 60 68 69 72 67 73 57 45 56 72 71
128 129 133 134 124 128 134 140 141 139 137 135 126 127 120 106 96 109 125 127 107 106 111 115 118 126 126 135 133 126 125 121 118 112 124 126 122 130 132 132 126 122 118 95 62 52 54 51 66 74 83 104 116 105 91 88 81 79 76 82 91 96 103 120 121 122 117 110 98 96 111 99 118 124 120 110 107 114 96 73 68 58 49 44 40 50 60 63 64 63 66 65 48 53 69 71
120 130 134 132 122 130 139 139 139 137 133 129 123 123 116 111 102 97 111 125 111 103 123 127 129 132 125 136 133 128 128 125 119 112 119 116 127 125 127 131 118 109 116 117 78 56 52 50 58 64 75 97 100 103 100 77 74 72 76 86 86 99 115 121 116 113 116 113 108 90 98 96 109 115 113 109 100 112 104 82 71 64 55 46 42 42 46 50 53 53 57 56 49 45 56 58
121 127 134 131 125 125 132 133 135 131 138 132 135 130 121 116 123 103 98 114 111 97 124 123 122 119 125 129 133 129 121 127 122 114 108 112 116 123 123 121 119 114 93 101 93 54 49 47 50 58 68 77 82 90 75 71 67 77 95 102 105 102 108 108 118 113 103 100 91 87 84 88 97 100 100 102 105 120 109 105 94 83 69 56 49 42 43 44 47 46 46 47 43 41 45 46
132 133 134 132 129 126 120 130 135 126 132 125 133 133 125 125 124 113 97 94 111 98 119 117 120 116 123 123 129 127 123 120 123 120 111 117 127 129 118 108 107 107 79 76 88 61 51 47 48 48 58 67 70 66 65 75 94 99 107 118 114 96 95 118 107 99 112 106 107 94 92 82 83 93 98 91 103 113 101 108 105 85 76 69 82 66 51 45 43 41 42 41 41 38 42 40
130 133 128 126 134 128 115 118 135 128 118 120 127 131 131 130 127 119 109 93 92 97 117 111 111 121 119 127 124 131 125 122 112 114 103 118 122 120 120 103 94 96 106 102 84 80 64 45 47 49 55 61 63 75 91 92 93 103 110 116 104 96 99 119 97 107 113 114 113 112 108 96 82 79 81 85 103 95 91 107 100 93 87 77 84 83 79 80 54 52 41 39 39 40 38 36
125 121 117 122 130 125 117 111 127 130 119 112 121 122 123 128 126 123 123 121 98 91 103 117 120 128 123 126 118 123 122 117 107 103 108 110 111 113 114 113 103 115 114 116 108 106 72 50 41 48 53 55 64 74 80 83 91 112 110 109 104 87 104 111 96 108 104 109 113 113 111 107 91 91 83 77 89 83 92 102 101 106 95 88 86 89 87 92 90 82 66 77 65 57 52 42
119 115 119 121 121 122 112 112 127 121 127 114 110 117 121 129 123 113 110 111 108 87 105 118 129 122 124 125 118 110 113 100 100 109 122 116 112 115 107 112 115 116 116 108 99 90 72 49 45 46 49 52 62 68 70 72 78 103 108 95 86 84 97 100 92 94 103 103 117 117 117 100 100 112 98 83 74 79 85 87 100 111 94 101 97 102 87 86 91 86 76 78 79 73 69 63
114 123 126 132 119 117 114 112 122 117 116 107 106 117 125 126 127 124 122 111 109 91 86 108 124 113 121 118 118 110 102 93 108 123 126 119 123 123 110 101 99 105 102 99 90 93 82 59 45 42 46 52 58 68 66 68 76 90 90 79 72 70 74 75 88 98 101 100 114 110 116 110 115 115 109 100 87 70 72 80 102 113 97 86 92 112 92 80 86 98 102 93 83 82 87 87
124 132 127 126 119 118 115 103 109 116 108 101 119 124 124 121 125 124 118 117 113 99 81 97 113 108 118 111 116 113 97 98 119 124 125 120 128 124 112 106 100 91 84 81 85 72 73 56 44 42 48 47 49 56 54 62 74 69 72 67 71 80 85 93 88 103 102 105 114 105 107 109 113 116 112 109 93 92 74 67 80 92 100 85 91 107 90 76 94 90 101 99 82 79 99 94
124 130 122 123 122 122 113 112 100 106 99 110 117 122 119 114 118 120 120 108 109 112 88 81 98 114 119 114 106 107 91 107 117 118 118 125 125 126 117 106 98 104 107 106 108 103 92 73 47 42 45 45 44 52 65 62 61 65 74 85 89 109 108 94 91 97 99 108 114 107 103 99 108 108 110 107 98 82 87 69 68 76 82 81 77 85 79 73 93 76 93 102 83 78 96 92
116 122 112 114 122 120 119 114 105 94 100 116 114 120 115 107 109 113 120 119 106 98 96 80 96 117 117 111 113 102 87 102 108 110 113 124 118 116 115 116 109 111 109 105 105 91 87 71 49 46 42 41 42 50 69 86 81 79 101 115 117 118 108 95 101 103 105 110 109 105 107 93 98 101 100 92 100 86 72 69 63 63 80 88 75 81 73 70 83 69 84 83 73 67 91 87
111 117 112 120 120 117 114 118 118 99 97 106 116 115 114 109 101 112 117 118 111 109 101 82 87 102 114 109 99 93 87 100 99 106 115 124 121 115 103 112 120 113 107 95 98 87 76 67 51 47 44 42 45 48 71 83 96 89 95 109 113 114 116 107 108 109 110 104 100 103 107 102 88 98 88 81 79 73 72 76 71 61 69 87 82 71 71 66 68 69 72 69 66 69 91 82
107 110 108 113 118 112 106 114 116 101 96 114 114 108 110 107 99 107 113 111 110 101 102 98 74 86 101 99 87 87 111 111 111 110 115 114 119 113 102 102 110 103 107 101 89 82 88 82 56 44 44 40 41 46 60 81 74 73 74 82 92 93 116 124 116 111 104 103 97 94 92 97 92 80 78 82 92 98 95 97 97 76 64 80 83 77 68 60 58 65 67 69 73 66 89 90
102 101 112 114 115 109 103 105 112 103 98 106 108 104 109 98 101 113 115 109 109 114 109 109 85 74 90 86 80 106 110 112 108 112 116 109 113 114 109 93 107 94 101 105 102 92 85 85 62 46 42 42 38 42 62 70 62 62 66 66 74 92 104 118 119 116 113 116 112 109 92 83 85 88 99 101 97 91 83 83 88 73 65 64 62 61 65 60 57 55 59 63 67 59 78 85
93 107 117 114 111 107 104 98 110 103 93 99 111 103 101 97 107 111 115 109 108 110 106 103 96 71 75 76 81 87 91 103 103 105 113 117 106 109 104 91 86 89 90 93 105 107 89 73 69 57 46 41 36 38 45 55 71 73 75 74 72 83 96 112 110 114 111 106 100 102 96 97 95 100 98 95 86 81 73 68 68 70 78 77 72 60 57 57 59 60 59 52 52 53 65 78
96 100 105 111 102 104 96 92 106 104 80 96 102 94 88 101 105 109 104 107 99 104 109 104 92 79 69 73 93 99 101 103 110 114 116 113 102 105 103 99 104 85 80 98 114 103 88 84 79 63 44 40 39 40 44 66 70 64 72 85 80 84 99 115 116 100 98 103 95 92 86 94 101 99 95 95 89 90 88 85 80 82 86 91 90 72 76 88 88 87 91 64 53 49 51 62
101 104 103 99 98 97 85 96 101 99 83 80 83 85 94 100 107 108 101 100 98 95 107 103 97 78 67 71 100 106 109 109 111 110 111 111 97 90 92 87 102 93 81 102 107 112 101 90 78 55 43 41 42 39 38 50 57 66 79 86 92 95 104 114 118 108 96 108 102 94 89 85 90 93 92 87 89 94 98 89 93 85 91 94 94 81 77 78 86 88 92 87 85 69 47 51
103 109 102 94 90 87 85 99 95 87 81 80 99 101 101 109 104 101 94 92 87 97 107 105 91 76 67 66 93 99 104 108 103 98 105 112 103 98 88 80 81 80 71 90 98 104 105 92 67 48 43 40 38 40 39 68 68 70 83 90 87 86 94 112 117 108 100 95 109 100 90 82 78 86 86 81 82 86 93 91 91 96 96 91 89 79 75 74 71 81 76 79 76 74 50 44
106 110 107 101 94 94 89 86 84 77 75 87 98 104 105 107 106 106 103 97 88 93 97 100 86 73 63 66 88 94 96 93 94 103 104 103 102 97 96 85 86 67 73 88 80 96 93 81 65 51 44 41 39 36 38 67 71 66 75 82 84 80 87 101 110 103 101 94 104 99 90 88 81 77 79 78 74 81 88 87 86 92 91 90 84 79 74 70 74 71 64 64 56 54 53 49
96 107 104 106 96 98 95 76 74 68 75 90 93 106 107 99 103 104 105 99 103 85 83 94 88 70 64 67 90 97 86 97 99 101 95 100 103 96 89 84 78 67 68 80 73 75 84 85 63 54 43 40 36 37 39 69 68 67 73 80 72 79 89 95 113 106 90 92 105 102 105 100 87 80 81 83 73 75 84 83 80 84 84 82 88 92 86 79 81 74 78 79 64 57 57 67
99 97 97 99 94 96 88 78 68 70 84 94 96 103 99 100 97 97 98 100 97 98 81 82 86 68 60 64 92 86 85 91 97 96 90 98 103 104 103 90 89 81 67 64 64 66 71 71 58 48 42 39 36 37 45 54 58 61 65 73 71 81 88 85 107 107 93 88 96 93 102 101 96 86 83 82 80 75 81 84 77 80 84 77 87 92 96 93 81 79 83 79 73 70 73 86
87 91 89 92 89 92 85 76 64 79 88 89 88 96 99 94 93 84 88 99 89 87 87 72 83 66 58 63 89 74 92 88 93 82 92 96 99 100 101 100 99 95 89 76 61 56 61 60 52 45 39 36 36 36 39 56 68 64 67 75 70 84 80 83 95 108 104 89 81 89 105 107 97 93 89 92 86 77 73 79 81 74 80 73 83 90 92 95 87 85 93 88 80 81 82 94
86 90 96 88 81 91 81 70 63 74 83 84 82 92 91 91 94 93 87 82 83 79 73 68 66 63 56 60 77 71 79 83 87 79 86 95 95 100 98 97 100 101 96 89 73 61 51 52 45 41 39 37 35 36 43 54 70 76 74 74 68 70 73 83 95 103 100 94 80 84 101 107 107 110 103 99 86 81 74 70 71 74 69 70 73 79 79 86 97 96 88 91 86 80 79 82
86 83 90 91 82 74 78 69 63 72 73 81 87 87 88 84 89 97 93 85 81 85 86 82 67 56 54 61 67 79 84 81 82 75 85 85 92 103 94 94 97 93 84 78 66 67 54 47 45 43 40 35 35 36 45 70 73 73 69 74 62 68 79 88 92 100 87 85 80 79 88 91 97 108 103 102 99 81 76 69 69 63 64 61 65 71 70 74 93 93 87 83 79 78 78 76
75 76 84 85 77 69 63 60 61 63 78 80 78 83 84 82 89 91 94 82 88 92 89 85 84 62 51 59 66 74 86 76 77 68 77 85 92 94 90 90 98 96 90 90 80 60 53 46 42 38 39 36 34 37 53 69 83 72 68 66 62 68 78 90 85 100 93 84 80 80 80 87 83 97 102 94 102 97 89 80 72 66 63 56 60 72 64 73 92 90 80 81 72 69 81 86
