M05 Assignment/Mississippi.asc
ncols        628
nrows        348
xllcorner    -93.841666666667
yllcorner    26.608333333333
cellsize     0.016666666667
[rows 184 to 229 of 348, columns 0 to 95 of 628]
-13 -13 -13 -14 -14 -14 -14 -14 -14 -14 -14 -13 -13 -13 -12 -11 -12 -14 -15 -15 -16 -16 -16 -16 -16 -17 -17 -17 -17 -17 -17 -17 -17 -16 -17 -17 -17 -16 -16 -16 -16 -16 -16 -17 -16 -16 -16 -16 -16 -16 -16 -16 -16 -16 -17 -16 -17 -17 -17 -17 -17 -17 -17 -17 -16 -16 -17 -16 -16 -16 -16 -16 -15 -15 -15 -14 -14 -13 -13 -12 -12 -11 -10 -10 -9 -9 -8 -8 -8 -8 -8 -8 -7 -7 -6 -6
-15 -15 -15 -15 -15 -15 -14 -14 -14 -14 -14 -14 -13 -13 -11 -12 -13 -15 -15 -15 -16 -16 -16 -17 -17 -17 -17 -17 -17 -17 -17 -17 -17 -17 -17 -17 -17 -17 -17 -17 -17 -17 -17 -17 -17 -17 -17 -17 -17 -17 -16 -17 -17 -17 -17 -17 -17 -17 -17 -17 -17 -17 -17 -17 -17 -17 -17 -17 -17 -17 -16 -16 -16 -15 -15 -15 -14 -14 -13 -13 -12 -12 -11 -11 -10 -9 -8 -8 -8 -8 -8 -7 -7 -6 -6 -5
-15 -15 -15 -15 -15 -14 -14 -14 -14 -14 -13 -13 -13 -13 -13 -14 -15 -15 -15 -15 -15 -15 -15 -15 -16 -16 -17 -17 -17 -17 -17 -17 -17 -17 -17 -17 -17 -17 -17 -17 -17 -17 -17 -17 -17 -17 -17 -17 -17 -17 -17 -17 -18 -17 -17 -17 -18 -18 -17 -18 -17 -18 -18 -17 -17 -17 -17 -17 -17 -17 -17 -17 -16 -16 -16 -15 -15 -14 -14 -13 -13 -12 -11 -11 -10 -9 -8 -8 -7 -7 -7 -7 -6 -6 -6 -6
-14 -14 -14 -14 -14 -14 -14 -13 -13 -14 -14 -14 -14 -13 -13 -13 -13 -13 -13 -13 -13 -13 -13 -12 -14 -15 -16 -16 -17 -17 -17 -17 -17 -17 -17 -17 -17 -17 -17 -17 -17 -18 -18 -17 -17 -18 -17 -18 -18 -18 -18 -18 -18 -18 -18 -18 -18 -18 -18 -18 -18 -18 -18 -18 -18 -18 -18 -18 -18 -17 -17 -17 -17 -16 -16 -16 -15 -15 -15 -14 -13 -13 -12 -11 -10 -9 -8 -7 -7 -7 -7 -7 -6 -6 -6 -6
-15 -15 -14 -14 -14 -14 -14 -13 -14 -14 -14 -14 -14 -14 -14 -14 -14 -14 -14 -13 -13 -13 -14 -13 -12 -13 -16 -17 -17 -17 -17 -17 -17 -17 -17 -17 -17 -17 -17 -18 -18 -18 -18 -18 -18 -18 -18 -18 -18 -18 -18 -18 -18 -18 -18 -18 -18 -18 -18 -18 -18 -18 -18 -18 -18 -18 -18 -18 -18 -17 -18 -18 -18 -17 -17 -16 -16 -16 -15 -15 -14 -13 -13 -12 -11 -10 -8 -7 -7 -7 -7 -6 -6 -6 -6 -6
-15 -15 -15 -14 -14 -14 -14 -14 -14 -15 -15 -15 -15 -15 -14 -15 -14 -15 -15 -14 -13 -14 -15 -15 -15 -15 -15 -15 -15 -15 -16 -16 -16 -17 -17 -17 -17 -18 -18 -18 -18 -18 -18 -18 -18 -18 -18 -18 -18 -18 -18 -18 -18 -18 -19 -19 -19 -19 -19 -19 -18 -19 -19 -19 -19 -19 -19 -19 -18 -18 -18 -18 -18 -18 -18 -17 -17 -16 -16 -15 -14 -14 -13 -13 -12 -11 -9 -8 -7 -7 -7 -7 -6 -6 -6 -6
-15 -15 -15 -15 -15 -15 -14 -14 -15 -15 -15 -15 -15 -15 -15 -15 -15 -15 -15 -14 -15 -16 -16 -16 -17 -17 -16 -16 -16 -16 -16 -16 -16 -16 -17 -17 -17 -17 -17 -18 -18 -18 -18 -18 -18 -18 -18 -18 -18 -18 -18 -18 -18 -19 -19 -19 -19 -19 -19 -19 -19 -19 -19 -19 -19 -19 -19 -19 -19 -18 -19 -19 -19 -19 -18 -18 -17 -17 -17 -16 -15 -15 -14 -13 -13 -12 -10 -9 -7 -6 -6 -6 -6 -6 -6 -6
-15 -15 -15 -16 -16 -16 -16 -15 -15 -15 -15 -15 -16 -16 -16 -16 -15 -15 -16 -16 -16 -16 -16 -17 -17 -17 -17 -17 -17 -17 -17 -16 -16 -17 -18 -18 -18 -18 -18 -18 -19 -18 -18 -19 -19 -18 -18 -18 -18 -18 -19 -18 -19 -19 -19 -20 -19 -19 -19 -20 -19 -20 -20 -19 -19 -19 -19 -19 -19 -19 -19 -19 -19 -19 -19 -19 -18 -18 -17 -17 -16 -16 -15 -14 -14 -12 -11 -10 -9 -7 -6 -6 -5 -5 -5 -5
-15 -15 -16 -17 -16 -16 -16 -16 -16 -16 -16 -17 -17 -17 -17 -17 -17 -17 -17 -17 -17 -17 -17 -17 -17 -17 -18 -18 -17 -18 -18 -18 -18 -18 -17 -17 -18 -19 -18 -18 -19 -19 -19 -19 -19 -19 -19 -19 -18 -18 -17 -18 -19 -19 -20 -20 -19 -19 -19 -19 -19 -20 -20 -20 -20 -20 -20 -20 -20 -19 -19 -19 -19 -19 -19 -19 -18 -18 -18 -17 -17 -17 -16 -15 -14 -14 -12 -11 -10 -9 -7 -5 -5 -5 -4 -4
-16 -17 -17 -18 -17 -17 -17 -17 -17 -17 -16 -16 -17 -18 -18 -18 -18 -17 -18 -18 -17 -17 -18 -18 -18 -17 -17 -17 -18 -18 -18 -18 -18 -18 -19 -19 -19 -18 -19 -19 -19 -20 -20 -19 -20 -19 -19 -19 -18 -18 -18 -19 -18 -19 -20 -20 -20 -19 -20 -20 -19 -20 -20 -20 -20 -20 -20 -20 -20 -20 -20 -20 -19 -19 -19 -20 -19 -19 -19 -18 -18 -17 -17 -16 -16 -15 -14 -13 -12 -11 -10 -8 -6 -5 -4 -4
-17 -17 -18 -18 -18 -18 -18 -18 -18 -18 -18 -17 -17 -17 -17 -16 -17 -18 -18 -19 -19 -18 -18 -18 -18 -18 -18 -18 -18 -17 -18 -18 -19 -19 -19 -19 -19 -19 -19 -19 -19 -20 -20 -20 -20 -20 -20 -19 -19 -19 -19 -19 -19 -20 -20 -20 -20 -20 -20 -20 -19 -20 -20 -20 -20 -20 -20 -20 -20 -20 -20 -20 -20 -20 -20 -20 -20 -19 -19 -19 -18 -18 -18 -17 -17 -16 -15 -14 -13 -12 -11 -10 -10 -9 -8 -8
-18 -18 -18 -18 -19 -19 -19 -19 -19 -19 -19 -19 -19 -19 -18 -18 -18 -18 -19 -19 -19 -19 -19 -19 -19 -19 -19 -19 -19 -19 -19 -19 -19 -19 -19 -19 -19 -19 -19 -19 -19 -20 -19 -20 -20 -20 -20 -20 -20 -19 -19 -20 -20 -20 -20 -20 -20 -20 -20 -20 -20 -20 -20 -20 -21 -21 -21 -20 -20 -21 -20 -20 -20 -20 -20 -20 -20 -20 -20 -19 -19 -19 -19 -18 -18 -17 -16 -16 -15 -14 -13 -13 -12 -11 -11 -11
-18 -18 -18 -18 -19 -19 -19 -20 -20 -19 -20 -20 -20 -19 -19 -19 -19 -19 -19 -19 -19 -20 -20 -20 -20 -20 -20 -20 -20 -20 -20 -20 -19 -19 -19 -19 -19 -19 -19 -19 -19 -20 -20 -19 -19 -18 -18 -19 -20 -19 -20 -20 -20 -20 -21 -21 -20 -20 -21 -21 -20 -21 -21 -21 -22 -22 -22 -21 -22 -21 -20 -20 -20 -21 -21 -20 -20 -20 -20 -20 -19 -19 -19 -19 -19 -19 -18 -17 -17 -16 -15 -15 -14 -13 -13 -13
-18 -18 -18 -18 -19 -19 -19 -20 -20 -20 -20 -20 -20 -20 -20 -20 -20 -20 -20 -20 -20 -20 -20 -20 -20 -20 -20 -20 -20 -20 -20 -20 -20 -20 -20 -20 -20 -20 -20 -20 -20 -20 -20 -20 -20 -20 -20 -19 -20 -20 -20 -20 -20 -21 -22 -22 -21 -21 -22 -22 -20 -22 -22 -22 -22 -22 -22 -22 -22 -22 -22 -22 -22 -22 -22 -21 -21 -20 -20 -20 -20 -20 -20 -20 -20 -20 -19 -19 -18 -18 -17 -16 -16 -15 -15 -15
-19 -19 -19 -19 -18 -19 -20 -21 -20 -21 -21 -21 -21 -21 -21 -20 -20 -20 -20 -20 -20 -20 -20 -20 -20 -20 -20 -20 -20 -20 -20 -20 -20 -20 -20 -21 -21 -21 -21 -20 -20 -21 -21 -22 -22 -22 -22 -22 -21 -20 -20 -21 -21 -22 -22 -22 -22 -22 -22 -22 -21 -22 -22 -22 -22 -22 -22 -22 -23 -22 -22 -22 -22 -22 -22 -22 -22 -22 -22 -21 -20 -20 -20 -20 -20 -20 -20 -20 -19 -19 -19 -18 -17 -17 -17 -16
-19 -19 -19 -19 -19 -19 -19 -19 -20 -21 -21 -21 -21 -21 -21 -21 -21 -21 -21 -21 -21 -21 -20 -20 -20 -20 -20 -20 -20 -21 -21 -21 -21 -21 -21 -22 -22 -22 -22 -21 -22 -22 -23 -22 -22 -23 -22 -23 -23 -21 -22 -22 -22 -23 -23 -22 -23 -23 -24 -23 -22 -23 -23 -23 -23 -24 -23 -24 -24 -22 -22 -23 -23 -23 -22 -22 -23 -22 -22 -22 -22 -21 -20 -20 -20 -20 -20 -20 -20 -19 -20 -19 -19 -18 -18 -18
-19 -19 -19 -19 -19 -19 -19 -20 -21 -21 -21 -21 -22 -22 -22 -21 -21 -21 -21 -21 -21 -21 -21 -20 -21 -20 -20 -20 -22 -22 -22 -23 -22 -23 -23 -23 -23 -23 -23 -22 -22 -23 -23 -23 -24 -24 -22 -23 -23 -22 -22 -22 -23 -24 -24 -24 -24 -24 -24 -24 -23 -24 -24 -24 -24 -24 -24 -24 -24 -24 -23 -25 -24 -24 -23 -23 -23 -22 -22 -22 -22 -22 -22 -21 -21 -21 -21 -21 -20 -20 -20 -20 -20 -20 -20 -19
-19 -19 -19 -20 -20 -19 -19 -19 -20 -20 -21 -21 -22 -22 -22 -22 -22 -21 -22 -21 -22 -21 -21 -21 -21 -20 -20 -21 -22 -23 -23 -23 -23 -23 -23 -23 -24 -23 -24 -22 -23 -24 -24 -24 -24 -24 -24 -24 -23 -22 -23 -24 -24 -24 -24 -24 -24 -24 -24 -24 -24 -24 -24 -24 -24 -24 -24 -24 -25 -24 -24 -24 -24 -24 -24 -24 -24 -24 -23 -22 -22 -22 -22 -22 -22 -22 -22 -22 -21 -21 -20 -20 -20 -20 -20 -20
-19 -19 -19 -20 -20 -20 -20 -19 -19 -19 -20 -20 -21 -21 -21 -22 -22 -22 -22 -22 -22 -21 -21 -21 -21 -21 -21 -22 -23 -23 -23 -23 -24 -24 -24 -24 -24 -24 -24 -23 -23 -24 -24 -24 -24 -24 -24 -24 -23 -22 -24 -24 -24 -24 -24 -24 -24 -24 -24 -25 -24 -24 -24 -24 -25 -25 -24 -24 -25 -25 -24 -24 -24 -25 -24 -24 -24 -24 -24 -24 -23 -24 -23 -23 -23 -22 -22 -22 -22 -21 -22 -22 -21 -21 -21 -20
-20 -20 -20 -20 -20 -20 -20 -20 -20 -19 -19 -20 -20 -19 -19 -19 -21 -22 -22 -23 -23 -23 -23 -23 -23 -23 -24 -24 -24 -24 -24 -24 -24 -24 -24 -24 -24 -24 -24 -24 -24 -24 -24 -24 -24 -24 -24 -24 -23 -23 -24 -24 -24 -24 -24 -24 -24 -24 -24 -24 -24 -24 -24 -24 -25 -26 -25 -24 -25 -26 -24 -25 -25 -25 -25 -25 -25 -24 -25 -25 -24 -24 -24 -24 -23 -23 -23 -23 -23 -22 -22 -22 -22 -22 -22 -22
-20 -20 -20 -20 -20 -20 -20 -20 -20 -20 -20 -20 -20 -20 -19 -19 -21 -22 -22 -23 -23 -24 -24 -24 -24 -24 -24 -24 -24 -24 -24 -24 -24 -24 -24 -24 -24 -25 -24 -23 -23 -24 -24 -24 -24 -24 -24 -24 -24 -23 -24 -24 -24 -24 -24 -24 -24 -24 -24 -25 -24 -24 -24 -25 -25 -26 -25 -25 -26 -26 -26 -26 -26 -26 -26 -26 -26 -25 -26 -25 -24 -24 -24 -24 -24 -24 -24 -24 -23 -23 -24 -23 -23 -23 -22 -22
-21 -21 -21 -21 -21 -21 -21 -20 -20 -20 -20 -21 -21 -20 -20 -20 -21 -21 -21 -21 -22 -22 -23 -23 -24 -24 -24 -24 -24 -24 -24 -24 -24 -24 -24 -24 -24 -25 -24 -23 -23 -24 -24 -24 -24 -24 -24 -24 -23 -23 -24 -24 -24 -24 -24 -24 -24 -24 -24 -24 -24 -24 -24 -25 -25 -26 -26 -25 -26 -26 -26 -26 -26 -26 -26 -26 -26 -26 -26 -26 -25 -25 -25 -24 -24 -24 -24 -24 -24 -25 -24 -24 -24 -24 -23 -23
-21 -22 -22 -21 -22 -21 -21 -21 -21 -21 -21 -22 -22 -22 -22 -22 -22 -22 -21 -21 -21 -21 -21 -22 -23 -24 -24 -24 -24 -24 -24 -24 -24 -24 -24 -24 -24 -23 -23 -23 -23 -23 -24 -24 -24 -24 -24 -24 -23 -23 -23 -23 -23 -23 -23 -23 -23 -23 -23 -23 -23 -24 -24 -25 -25 -25 -25 -25 -26 -26 -26 -26 -26 -27 -27 -27 -27 -26 -26 -27 -26 -26 -25 -25 -25 -25 -25 -25 -25 -25 -24 -24 -24 -24 -24 -24
-22 -22 -23 -22 -22 -22 -23 -23 -23 -23 -23 -23 -23 -23 -23 -22 -22 -22 -22 -22 -22 -21 -22 -23 -24 -24 -24 -24 -24 -24 -23 -24 -23 -23 -23 -23 -23 -23 -23 -22 -22 -23 -24 -24 -24 -24 -24 -24 -23 -23 -22 -22 -22 -23 -22 -22 -23 -23 -23 -24 -23 -24 -25 -25 -25 -25 -25 -25 -26 -26 -27 -26 -27 -27 -27 -27 -27 -27 -27 -27 -26 -26 -26 -27 -26 -26 -26 -26 -25 -26 -25 -25 -25 -25 -25 -25
-22 -22 -23 -22 -23 -23 -24 -24 -24 -23 -23 -23 -23 -23 -23 -23 -23 -23 -22 -22 -22 -22 -22 -22 -23 -24 -24 -23 -23 -23 -23 -23 -23 -23 -23 -23 -23 -23 -22 -22 -22 -22 -23 -24 -24 -24 -24 -23 -23 -23 -22 -22 -22 -23 -23 -23 -23 -24 -24 -24 -24 -24 -25 -26 -26 -26 -26 -26 -26 -26 -26 -26 -27 -27 -27 -27 -27 -27 -27 -27 -27 -27 -26 -27 -27 -27 -27 -27 -26 -26 -26 -26 -26 -26 -26 -26
-23 -23 -23 -23 -23 -23 -23 -23 -24 -24 -24 -23 -23 -23 -23 -23 -23 -22 -22 -22 -22 -22 -22 -22 -22 -23 -23 -23 -23 -22 -22 -22 -22 -23 -24 -24 -24 -23 -23 -23 -23 -23 -24 -23 -23 -23 -22 -22 -22 -22 -22 -22 -23 -24 -23 -25 -24 -24 -24 -24 -24 -24 -25 -25 -26 -26 -26 -26 -27 -26 -26 -26 -27 -27 -27 -27 -28 -28 -27 -26 -26 -27 -27 -27 -28 -28 -28 -27 -27 -27 -27 -26 -26 -26 -26 -26
-23 -23 -24 -23 -23 -23 -23 -23 -23 -24 -23 -23 -23 -23 -23 -22 -22 -22 -22 -22 -22 -22 -22 -22 -22 -22 -22 -22 -22 -21 -21 -22 -23 -24 -24 -25 -25 -25 -25 -24 -25 -25 -24 -24 -24 -22 -22 -22 -22 -23 -24 -24 -24 -24 -24 -25 -25 -25 -25 -24 -24 -25 -26 -26 -26 -26 -26 -27 -27 -27 -27 -26 -27 -27 -27 -27 -28 -29 -28 -26 -26 -27 -28 -29 -29 -29 -29 -28 -27 -28 -28 -27 -27 -27 -27 -27
-24 -24 -24 -23 -23 -23 -23 -23 -23 -23 -23 -23 -23 -23 -22 -22 -22 -22 -22 -21 -22 -21 -21 -21 -21 -21 -21 -20 -21 -21 -21 -22 -24 -25 -25 -26 -26 -26 -26 -26 -26 -25 -24 -24 -24 -22 -23 -23 -24 -24 -26 -26 -26 -26 -24 -25 -26 -26 -25 -25 -25 -26 -26 -26 -26 -26 -27 -27 -27 -27 -28 -27 -27 -28 -28 -27 -28 -29 -28 -27 -27 -29 -29 -29 -29 -29 -29 -29 -29 -29 -29 -28 -27 -27 -28 -28
-24 -24 -24 -24 -23 -23 -23 -23 -23 -23 -23 -23 -22 -22 -22 -22 -21 -21 -21 -21 -21 -20 -20 -20 -20 -20 -20 -20 -21 -22 -22 -23 -24 -25 -25 -26 -26 -26 -26 -26 -26 -25 -24 -23 -24 -24 -24 -25 -25 -25 -26 -26 -26 -26 -25 -25 -26 -26 -26 -26 -26 -26 -26 -27 -26 -27 -27 -27 -27 -28 -29 -28 -29 -29 -29 -29 -28 -29 -28 -27 -27 -29 -29 -30 -30 -30 -31 -31 -30 -29 -29 -29 -29 -28 -29 -30
-24 -24 -23 -23 -23 -23 -23 -23 -23 -23 -23 -22 -22 -22 -21 -21 -21 -20 -20 -21 -21 -21 -21 -21 -21 -20 -20 -20 -21 -22 -23 -24 -25 -25 -26 -26 -26 -26 -26 -25 -25 -24 -24 -24 -24 -25 -25 -26 -26 -26 -27 -26 -26 -26 -26 -26 -26 -26 -26 -26 -26 -27 -27 -27 -27 -27 -27 -28 -28 -28 -29 -29 -29 -30 -29 -29 -29 -30 -29 -28 -29 -30 -30 -31 -31 -31 -31 -31 -31 -30 -31 -30 -29 -29 -30 -31
-24 -24 -24 -23 -23 -23 -23 -23 -22 -22 -22 -22 -21 -21 -21 -20 -21 -21 -22 -22 -22 -22 -22 -22 -22 -22 -22 -23 -22 -22 -22 -23 -24 -26 -26 -26 -25 -26 -24 -24 -24 -25 -25 -25 -26 -26 -26 -27 -26 -27 -27 -27 -27 -27 -26 -26 -27 -27 -27 -26 -26 -27 -28 -27 -27 -27 -28 -28 -29 -29 -29 -29 -31 -31 -31 -31 -31 -31 -30 -29 -29 -31 -31 -31 -31 -31 -31 -32 -31 -31 -31 -30 -30 -30 -30 -31
-24 -23 -23 -23 -23 -23 -23 -22 -22 -21 -21 -20 -21 -22 -23 -23 -23 -24 -24 -24 -24 -24 -24 -24 -24 -25 -25 -25 -26 -25 -25 -25 -25 -26 -26 -26 -25 -25 -25 -25 -25 -26 -27 -26 -26 -26 -26 -27 -26 -27 -27 -27 -28 -28 -27 -27 -27 -28 -27 -27 -26 -28 -29 -28 -28 -28 -28 -29 -29 -29 -29 -30 -31 -31 -31 -31 -31 -31 -31 -29 -29 -31 -32 -31 -31 -32 -33 -33 -32 -31 -33 -31 -31 -31 -31 -31
-24 -23 -23 -23 -23 -23 -22 -22 -21 -20 -21 -23 -24 -25 -25 -25 -25 -25 -25 -25 -26 -26 -25 -25 -26 -26 -26 -27 -28 -28 -28 -28 -27 -27 -27 -26 -26 -26 -26 -26 -26 -27 -27 -26 -27 -26 -27 -28 -27 -27 -28 -28 -28 -28 -28 -28 -28 -28 -28 -28 -27 -29 -29 -28 -29 -29 -29 -29 -29 -30 -30 -31 -31 -31 -31 -31 -31 -32 -32 -31 -31 -31 -33 -33 -33 -33 -33 -33 -33 -33 -33 -32 -32 -32 -32 -33
-24 -24 -24 -23 -23 -23 -23 -22 -21 -20 -22 -23 -24 -26 -27 -27 -27 -27 -26 -27 -27 -27 -27 -27 -27 -27 -27 -27 -27 -27 -28 -28 -28 -28 -28 -27 -27 -27 -27 -27 -27 -27 -27 -27 -28 -28 -28 -29 -28 -28 -28 -28 -29 -29 -28 -28 -28 -29 -29 -28 -28 -29 -31 -29 -29 -29 -29 -30 -30 -31 -31 -31 -31 -31 -31 -31 -31 -32 -32 -31 -31 -31 -33 -33 -33 -33 -34 -34 -33 -33 -33 -33 -33 -33 -33 -34
-24 -24 -24 -24 -24 -23 -23 -23 -22 -21 -22 -23 -24 -26 -26 -27 -28 -28 -28 -28 -28 -28 -28 -28 -28 -27 -27 -27 -27 -26 -26 -28 -28 -28 -28 -28 -28 -28 -28 -28 -27 -27 -27 -27 -29 -28 -29 -29 -28 -29 -29 -29 -30 -30 -29 -29 -29 -29 -29 -29 -29 -30 -31 -30 -30 -30 -30 -30 -31 -31 -31 -31 -31 -31 -32 -31 -32 -33 -33 -31 -31 -32 -33 -34 -33 -33 -34 -35 -34 -33 -35 -34 -34 -34 -35 -35
-25 -24 -24 -24 -24 -24 -24 -24 -23 -23 -22 -22 -23 -25 -25 -26 -27 -28 -29 -29 -29 -28 -28 -29 -28 -28 -28 -27 -27 -26 -26 -27 -27 -29 -29 -29 -29 -29 -28 -29 -28 -28 -28 -27 -29 -29 -30 -31 -30 -30 -30 -30 -31 -31 -30 -30 -30 -31 -30 -30 -30 -31 -31 -31 -31 -31 -31 -31 -31 -31 -31 -31 -31 -31 -32 -32 -32 -33 -33 -31 -31 -33 -34 -35 -34 -34 -35 -35 -35 -35 -35 -35 -35 -35 -35 -36
-25 -25 -25 -25 -25 -25 -25 -24 -24 -24 -23 -22 -23 -23 -25 -26 -27 -27 -29 -29 -29 -29 -30 -30 -30 -30 -29 -29 -28 -27 -27 -27 -28 -28 -28 -29 -30 -29 -30 -29 -29 -29 -28 -28 -29 -30 -31 -31 -31 -31 -31 -31 -31 -32 -31 -31 -31 -31 -31 -31 -31 -31 -32 -31 -31 -31 -31 -32 -32 -32 -33 -32 -32 -32 -33 -33 -33 -33 -33 -32 -31 -33 -34 -35 -35 -35 -36 -36 -36 -35 -36 -35 -36 -35 -36 -37
-26 -26 -26 -26 -26 -25 -25 -25 -24 -24 -24 -24 -24 -25 -26 -27 -28 -28 -28 -28 -28 -27 -28 -29 -29 -30 -30 -31 -30 -30 -30 -29 -29 -29 -28 -29 -30 -30 -30 -30 -29 -29 -29 -29 -29 -29 -31 -31 -31 -32 -32 -32 -33 -33 -32 -32 -32 -32 -33 -33 -32 -32 -33 -32 -32 -32 -32 -33 -33 -33 -33 -33 -33 -33 -33 -33 -33 -33 -33 -33 -33 -34 -35 -35 -35 -35 -36 -37 -36 -36 -36 -36 -37 -37 -37 -37
-26 -26 -26 -26 -26 -26 -25 -25 -25 -25 -26 -26 -27 -27 -28 -29 -29 -29 -29 -29 -29 -28 -29 -28 -28 -28 -29 -30 -31 -31 -31 -30 -30 -30 -30 -30 -31 -31 -31 -30 -30 -30 -30 -31 -31 -31 -32 -32 -31 -32 -33 -33 -33 -34 -33 -33 -33 -33 -33 -33 -33 -33 -34 -33 -33 -33 -33 -33 -33 -33 -33 -33 -33 -33 -33 -33 -34 -34 -33 -33 -33 -34 -35 -35 -35 -36 -36 -37 -37 -37 -37 -37 -37 -37 -38 -38
-27 -27 -27 -27 -27 -27 -26 -27 -27 -27 -28 -29 -29 -30 -30 -30 -30 -30 -30 -30 -30 -30 -30 -30 -29 -29 -30 -30 -31 -31 -32 -31 -31 -31 -31 -32 -32 -32 -32 -31 -32 -32 -32 -32 -32 -32 -33 -33 -33 -33 -33 -33 -34 -35 -33 -34 -34 -34 -34 -34 -34 -35 -35 -34 -34 -34 -34 -34 -35 -35 -34 -31 -33 -34 -34 -34 -34 -34 -33 -33 -33 -35 -35 -35 -36 -37 -37 -37 -37 -37 -38 -37 -37 -38 -38 -38
-28 -28 -28 -28 -28 -28 -28 -29 -29 -29 -31 -32 -32 -32 -32 -32 -31 -32 -31 -31 -31 -31 -31 -31 -31 -31 -31 -31 -32 -33 -33 -33 -33 -33 -33 -33 -33 -33 -33 -33 -33 -33 -33 -33 -33 -33 -33 -33 -33 -34 -35 -35 -34 -34 -33 -34 -35 -35 -35 -35 -35 -35 -36 -35 -35 -35 -35 -35 -35 -35 -34 -32 -34 -35 -35 -35 -34 -34 -34 -33 -34 -35 -35 -35 -35 -36 -37 -37 -37 -37 -38 -38 -38 -39 -39 -39
-29 -30 -30 -31 -31 -31 -31 -32 -32 -33 -33 -33 -33 -33 -33 -33 -32 -32 -32 -33 -32 -32 -33 -32 -32 -32 -33 -33 -34 -35 -35 -35 -35 -35 -35 -35 -35 -35 -34 -34 -34 -34 -33 -33 -33 -33 -33 -34 -34 -34 -35 -35 -35 -35 -34 -34 -34 -34 -35 -35 -35 -37 -37 -35 -35 -35 -35 -35 -36 -36 -36 -35 -35 -35 -35 -35 -36 -35 -35 -33 -35 -35 -36 -37 -36 -37 -37 -37 -37 -37 -38 -38 -38 -40 -40 -40
-31 -31 -33 -33 -34 -34 -34 -35 -35 -34 -34 -34 -34 -34 -34 -34 -34 -34 -33 -34 -34 -34 -34 -34 -34 -34 -35 -35 -35 -35 -35 -36 -36 -36 -36 -36 -36 -36 -35 -35 -35 -35 -34 -34 -34 -33 -34 -35 -34 -34 -34 -34 -35 -36 -35 -35 -35 -34 -35 -35 -35 -37 -37 -37 -36 -35 -36 -37 -37 -37 -37 -36 -35 -36 -36 -36 -36 -35 -35 -34 -35 -35 -37 -37 -37 -37 -37 -37 -38 -38 -38 -38 -39 -40 -40 -40
-32 -32 -34 -34 -35 -35 -35 -35 -36 -35 -35 -35 -35 -35 -35 -35 -35 -35 -35 -35 -35 -35 -35 -35 -36 -36 -36 -36 -36 -36 -36 -37 -37 -37 -37 -37 -37 -37 -37 -37 -37 -36 -35 -35 -35 -35 -35 -36 -36 -35 -35 -35 -35 -36 -35 -35 -36 -36 -36 -36 -35 -37 -37 -37 -37 -36 -37 -37 -37 -37 -37 -37 -37 -37 -37 -37 -36 -35 -35 -35 -35 -36 -37 -37 -37 -38 -38 -38 -39 -39 -39 -39 -40 -40 -41 -41
-33 -33 -34 -34 -34 -34 -35 -36 -36 -36 -36 -36 -35 -36 -36 -36 -36 -36 -36 -36 -36 -36 -36 -37 -37 -37 -37 -37 -38 -37 -37 -38 -37 -38 -38 -38 -38 -37 -38 -38 -37 -37 -37 -36 -36 -36 -37 -37 -37 -36 -37 -37 -36 -35 -34 -34 -36 -37 -37 -37 -36 -37 -36 -36 -37 -37 -37 -38 -37 -37 -37 -37 -37 -37 -37 -37 -36 -35 -36 -35 -37 -37 -38 -38 -38 -38 -38 -39 -39 -39 -40 -40 -40 -40 -41 -42
-35 -35 -35 -35 -35 -35 -35 -34 -35 -35 -35 -36 -36 -36 -37 -37 -37 -37 -37 -37 -37 -37 -37 -37 -38 -38 -38 -38 -39 -38 -38 -39 -39 -39 -39 -39 -39 -38 -39 -38 -38 -38 -37 -37 -38 -38 -38 -39 -38 -38 -39 -39 -37 -38 -37 -36 -37 -37 -38 -38 -37 -39 -38 -37 -37 -38 -38 -38 -37 -38 -38 -38 -37 -36 -37 -37 -36 -37 -38 -37 -38 -39 -38 -39 -38 -39 -39 -40 -40 -39 -41 -41 -42 -42 -42 -42
