M05 Assignment/Mississippi.asc
ncols        628
nrows        348
xllcorner    -93.841666666667
yllcorner    26.608333333333
cellsize     0.016666666667
[rows 230 to 275 of 348, columns 480 to 575 of 628]
-276 -272 -267 -262 -258 -253 -248 -241 -236 -231 -225 -221 -217 -212 -209 -206 -203 -200 -198 -195 -192 -190 -187 -185 -184 -182 -178 -176 -173 -170 -167 -165 -162 -160 -157 -154 -151 -148 -145 -141 -138 -134 -130 -125 -122 -118 -114 -109 -105 -100 -92 -85 -76 -68 -62 -60 -59 -58 -56 -55 -55 -57 -57 -57 -58 -57 -57 -56 -55 -55 -55 -55 -55 -53 -52 -53 -53 -51 -50 -50 -49 -47 -47 -46 -45 -44 -41 -41 -39 -32 -34 -38 -38 -37 -29 -32
-282 -278 -273 -268 -264 -259 -253 -248 -242 -237 -231 -226 -222 -217 -213 -210 -207 -204 -201 -198 -196 -194 -191 -189 -186 -185 -182 -180 -178 -174 -171 -168 -166 -163 -160 -157 -154 -151 -148 -144 -141 -137 -132 -128 -124 -120 -115 -112 -107 -102 -96 -89 -81 -74 -66 -62 -58 -57 -56 -54 -55 -56 -57 -57 -57 -57 -57 -55 -55 -55 -55 -55 -54 -53 -52 -53 -52 -51 -50 -50 -49 -48 -46 -45 -45 -42 -43 -43 -42 -33 -35 -38 -39 -39 -33 -33
-288 -284 -279 -275 -270 -265 -260 -254 -249 -243 -238 -232 -227 -222 -217 -214 -211 -208 -204 -202 -199 -196 -194 -192 -190 -188 -185 -183 -181 -177 -174 -172 -169 -166 -163 -160 -157 -154 -151 -148 -144 -140 -136 -131 -127 -123 -118 -114 -108 -105 -100 -94 -87 -79 -73 -65 -62 -60 -57 -56 -55 -56 -59 -58 -58 -59 -59 -58 -58 -57 -57 -56 -56 -56 -54 -55 -54 -53 -52 -51 -50 -47 -46 -45 -44 -42 -43 -43 -41 -32 -33 -37 -39 -40 -34 -31
-293 -288 -284 -280 -276 -271 -265 -260 -255 -249 -244 -238 -233 -227 -222 -217 -214 -211 -207 -204 -201 -198 -196 -194 -191 -189 -187 -185 -182 -180 -177 -174 -171 -168 -166 -163 -160 -157 -154 -150 -147 -143 -139 -134 -129 -125 -121 -116 -111 -106 -102 -95 -90 -84 -76 -69 -66 -62 -58 -57 -55 -56 -60 -60 -59 -59 -59 -59 -59 -58 -57 -58 -58 -57 -55 -56 -55 -54 -54 -53 -50 -47 -47 -46 -43 -44 -45 -44 -36 -33 -39 -33 -30 -39 -39 -31
-297 -292 -289 -285 -281 -276 -271 -266 -261 -255 -249 -244 -239 -232 -226 -222 -217 -213 -209 -206 -203 -200 -197 -195 -193 -191 -189 -186 -184 -183 -180 -178 -175 -173 -170 -167 -165 -162 -158 -154 -151 -147 -143 -138 -132 -128 -123 -119 -113 -108 -103 -98 -93 -88 -81 -76 -69 -66 -62 -58 -56 -55 -59 -60 -60 -60 -60 -61 -60 -59 -59 -58 -59 -57 -56 -57 -56 -54 -55 -54 -51 -47 -46 -46 -45 -46 -46 -45 -33 -41 -40 -40 -35 -34 -41 -31
-303 -298 -294 -290 -286 -281 -276 -271 -266 -261 -255 -250 -244 -238 -232 -227 -222 -218 -213 -209 -207 -203 -200 -197 -195 -192 -190 -187 -185 -183 -181 -179 -177 -174 -172 -170 -167 -165 -161 -157 -153 -150 -145 -141 -135 -130 -125 -120 -115 -111 -105 -100 -95 -90 -84 -79 -73 -68 -65 -58 -56 -56 -57 -60 -60 -61 -61 -62 -61 -61 -60 -59 -60 -58 -58 -57 -57 -56 -56 -55 -52 -48 -46 -49 -48 -47 -47 -46 -34 -42 -41 -33 -31 -33 -40 -38
-309 -304 -299 -295 -290 -286 -281 -276 -271 -266 -261 -256 -250 -244 -238 -233 -228 -223 -218 -214 -210 -207 -203 -200 -197 -194 -191 -188 -186 -184 -182 -180 -178 -176 -173 -171 -169 -166 -164 -160 -156 -152 -147 -143 -137 -132 -127 -123 -117 -112 -105 -101 -96 -92 -86 -82 -77 -73 -69 -62 -58 -58 -58 -62 -63 -62 -63 -63 -62 -62 -62 -62 -61 -60 -59 -59 -59 -58 -58 -56 -53 -50 -48 -50 -50 -49 -49 -44 -41 -43 -42 -38 -37 -31 -39 -39
-315 -310 -305 -300 -295 -290 -285 -281 -276 -271 -266 -261 -255 -250 -244 -238 -233 -228 -223 -218 -214 -210 -206 -202 -199 -196 -193 -190 -187 -185 -184 -181 -178 -176 -174 -172 -169 -167 -164 -162 -158 -154 -150 -145 -140 -134 -129 -125 -120 -114 -108 -102 -98 -93 -88 -83 -80 -75 -70 -65 -58 -57 -58 -61 -61 -63 -63 -63 -63 -63 -62 -62 -61 -60 -59 -60 -58 -57 -57 -57 -55 -51 -50 -50 -50 -48 -46 -45 -44 -43 -42 -32 -37 -35 -38 -32
-321 -316 -311 -305 -300 -295 -290 -285 -280 -274 -269 -264 -259 -253 -248 -242 -236 -230 -225 -221 -216 -211 -207 -204 -201 -198 -195 -192 -189 -186 -184 -182 -179 -177 -175 -172 -170 -168 -165 -163 -160 -157 -152 -147 -142 -137 -131 -126 -121 -115 -112 -104 -100 -96 -91 -87 -82 -78 -73 -68 -59 -57 -59 -62 -62 -63 -64 -64 -63 -63 -63 -62 -61 -61 -61 -61 -59 -58 -58 -58 -57 -53 -52 -50 -50 -48 -45 -45 -45 -45 -41 -35 -38 -36 -42 -38
-327 -323 -318 -313 -307 -302 -297 -291 -286 -280 -275 -270 -265 -260 -254 -248 -243 -236 -230 -226 -221 -215 -210 -207 -204 -202 -198 -194 -190 -187 -185 -183 -180 -178 -175 -173 -171 -169 -167 -164 -162 -159 -155 -150 -144 -139 -133 -128 -121 -115 -113 -108 -102 -98 -92 -87 -82 -79 -75 -70 -64 -59 -61 -64 -64 -64 -64 -64 -63 -65 -64 -62 -62 -62 -61 -62 -60 -59 -59 -58 -57 -56 -55 -54 -52 -50 -47 -44 -46 -44 -43 -35 -44 -45 -43 -41
-337 -333 -328 -323 -317 -313 -308 -302 -296 -291 -285 -280 -275 -270 -265 -259 -253 -247 -242 -236 -231 -225 -220 -216 -211 -207 -203 -199 -194 -190 -188 -187 -183 -180 -178 -176 -174 -172 -170 -167 -164 -161 -157 -152 -147 -142 -136 -129 -120 -115 -114 -112 -104 -100 -96 -89 -84 -81 -78 -73 -68 -62 -61 -64 -65 -65 -65 -64 -66 -66 -64 -64 -64 -63 -61 -62 -60 -60 -60 -58 -58 -56 -55 -54 -53 -52 -49 -43 -46 -45 -42 -46 -47 -46 -45 -44
-348 -343 -338 -333 -328 -323 -319 -313 -307 -302 -296 -291 -285 -280 -276 -271 -265 -258 -253 -247 -241 -235 -230 -224 -219 -214 -209 -205 -201 -197 -193 -190 -187 -184 -181 -178 -176 -174 -171 -169 -166 -164 -160 -156 -151 -146 -140 -134 -125 -118 -114 -113 -108 -104 -99 -94 -88 -84 -80 -76 -70 -66 -62 -63 -65 -66 -66 -66 -67 -67 -65 -64 -65 -64 -62 -62 -61 -60 -60 -60 -59 -56 -56 -55 -56 -54 -52 -46 -45 -47 -48 -49 -48 -48 -46 -45
-360 -354 -349 -343 -338 -333 -328 -322 -317 -311 -306 -300 -295 -289 -284 -279 -274 -268 -262 -256 -250 -244 -238 -232 -226 -220 -215 -210 -206 -201 -197 -194 -191 -186 -183 -180 -178 -175 -173 -170 -168 -165 -162 -158 -154 -149 -144 -139 -131 -124 -117 -114 -109 -105 -101 -97 -92 -86 -82 -77 -72 -68 -64 -63 -65 -66 -67 -66 -67 -67 -66 -66 -65 -65 -64 -63 -62 -61 -62 -60 -59 -57 -56 -56 -57 -54 -52 -46 -45 -47 -48 -49 -49 -48 -47 -46
-372 -365 -359 -353 -347 -342 -337 -331 -326 -320 -315 -310 -303 -297 -292 -288 -283 -277 -271 -265 -259 -253 -245 -239 -233 -228 -221 -216 -211 -206 -202 -198 -195 -190 -186 -184 -181 -178 -175 -173 -170 -167 -164 -160 -157 -152 -148 -142 -136 -130 -125 -119 -115 -109 -105 -99 -95 -88 -82 -80 -76 -70 -66 -64 -64 -66 -67 -68 -68 -67 -66 -67 -66 -66 -64 -64 -62 -63 -62 -61 -60 -57 -56 -57 -57 -55 -53 -47 -47 -48 -50 -49 -49 -49 -48 -47
-383 -377 -371 -365 -359 -353 -347 -342 -336 -330 -325 -320 -314 -308 -303 -298 -293 -287 -281 -275 -268 -261 -254 -247 -241 -235 -229 -224 -218 -212 -207 -203 -199 -195 -190 -187 -184 -180 -177 -174 -172 -168 -165 -162 -158 -154 -150 -146 -140 -134 -127 -121 -117 -111 -106 -102 -98 -91 -84 -81 -78 -72 -67 -65 -64 -64 -65 -67 -68 -66 -68 -68 -68 -66 -64 -65 -62 -63 -62 -62 -60 -58 -58 -57 -57 -56 -55 -51 -49 -50 -51 -51 -50 -49 -48 -47
-397 -390 -383 -378 -373 -366 -358 -353 -346 -341 -335 -330 -325 -320 -315 -310 -303 -298 -291 -285 -277 -269 -262 -256 -249 -243 -238 -232 -226 -220 -213 -208 -204 -201 -196 -191 -187 -184 -181 -177 -174 -171 -168 -165 -161 -158 -154 -150 -145 -139 -133 -124 -121 -115 -109 -104 -100 -94 -88 -83 -81 -78 -71 -66 -65 -65 -67 -66 -68 -68 -68 -68 -68 -67 -65 -66 -65 -63 -64 -62 -61 -59 -58 -58 -59 -57 -56 -52 -50 -51 -52 -52 -51 -50 -49 -48
-412 -404 -397 -391 -385 -378 -370 -363 -356 -350 -345 -339 -334 -329 -324 -319 -313 -308 -302 -295 -287 -279 -272 -265 -259 -253 -247 -241 -235 -229 -222 -216 -211 -207 -202 -196 -192 -188 -186 -181 -178 -175 -171 -167 -164 -161 -157 -153 -149 -144 -138 -131 -125 -120 -113 -107 -103 -96 -88 -84 -82 -81 -78 -72 -67 -66 -66 -65 -68 -69 -69 -69 -69 -67 -66 -66 -65 -64 -64 -64 -62 -60 -59 -59 -59 -58 -57 -53 -49 -51 -53 -53 -52 -51 -49 -48
-426 -419 -412 -405 -397 -390 -382 -374 -367 -360 -354 -348 -342 -336 -331 -326 -322 -318 -311 -303 -295 -287 -281 -274 -268 -262 -256 -250 -244 -238 -230 -224 -219 -215 -209 -202 -197 -193 -189 -185 -182 -178 -175 -170 -167 -164 -160 -157 -153 -148 -143 -137 -129 -124 -120 -112 -106 -101 -93 -87 -84 -84 -82 -79 -71 -69 -67 -68 -68 -69 -69 -70 -70 -68 -67 -67 -65 -65 -66 -64 -63 -61 -59 -60 -59 -59 -57 -53 -49 -51 -54 -54 -53 -51 -50 -48
-444 -437 -429 -422 -414 -406 -398 -389 -381 -374 -367 -361 -354 -348 -342 -337 -330 -324 -317 -310 -304 -297 -291 -285 -277 -271 -265 -258 -252 -246 -239 -232 -227 -223 -217 -210 -204 -199 -194 -190 -185 -182 -179 -175 -171 -168 -164 -160 -156 -152 -147 -141 -136 -129 -124 -118 -110 -105 -98 -91 -85 -83 -81 -81 -77 -69 -68 -68 -69 -68 -69 -70 -69 -69 -68 -68 -66 -65 -66 -65 -62 -62 -62 -62 -61 -60 -59 -54 -53 -53 -55 -55 -54 -53 -50 -48
-466 -459 -450 -443 -434 -426 -418 -410 -401 -394 -386 -379 -372 -366 -359 -353 -345 -338 -331 -324 -318 -311 -305 -298 -291 -283 -276 -270 -263 -257 -250 -244 -238 -234 -228 -221 -215 -209 -203 -197 -191 -187 -184 -180 -175 -171 -168 -164 -160 -156 -152 -146 -141 -135 -129 -123 -115 -107 -102 -94 -87 -84 -81 -81 -79 -73 -71 -69 -70 -70 -69 -70 -69 -70 -69 -68 -67 -67 -66 -65 -63 -63 -63 -61 -61 -60 -58 -53 -53 -54 -56 -54 -53 -52 -51 -48
-489 -481 -472 -464 -455 -447 -439 -430 -422 -413 -405 -396 -388 -382 -376 -368 -361 -353 -346 -339 -332 -325 -319 -312 -305 -296 -289 -282 -275 -268 -261 -256 -250 -244 -238 -232 -225 -218 -212 -206 -200 -195 -191 -186 -181 -177 -174 -170 -165 -161 -157 -152 -147 -141 -134 -128 -122 -114 -108 -99 -91 -85 -83 -82 -82 -79 -73 -70 -70 -71 -71 -70 -70 -70 -69 -69 -68 -68 -67 -65 -64 -64 -63 -62 -61 -60 -57 -51 -53 -56 -56 -55 -54 -52 -50 -48
-511 -503 -494 -485 -477 -468 -460 -451 -442 -433 -424 -415 -406 -399 -392 -385 -377 -369 -362 -355 -347 -340 -333 -325 -317 -309 -302 -295 -287 -280 -273 -267 -260 -255 -249 -243 -236 -228 -221 -214 -208 -202 -194 -189 -185 -181 -178 -174 -169 -164 -160 -155 -149 -144 -138 -131 -125 -117 -110 -106 -96 -89 -84 -81 -82 -80 -74 -72 -72 -72 -70 -70 -71 -71 -71 -70 -70 -69 -67 -64 -65 -65 -64 -63 -62 -60 -57 -53 -53 -57 -57 -56 -55 -53 -51 -49
-534 -525 -516 -507 -498 -489 -481 -472 -463 -453 -443 -433 -425 -417 -410 -402 -394 -386 -377 -370 -362 -354 -346 -338 -330 -322 -315 -307 -299 -292 -285 -277 -271 -265 -258 -252 -246 -238 -230 -222 -216 -210 -204 -198 -193 -189 -184 -179 -175 -171 -167 -163 -156 -151 -145 -138 -131 -120 -116 -109 -104 -92 -87 -84 -81 -82 -79 -73 -71 -71 -70 -70 -70 -71 -72 -71 -71 -71 -69 -64 -66 -66 -65 -63 -63 -61 -57 -54 -55 -58 -58 -57 -55 -52 -50 -49
-556 -547 -537 -528 -519 -510 -501 -491 -481 -471 -460 -451 -442 -435 -426 -419 -410 -402 -393 -385 -377 -368 -360 -351 -343 -335 -327 -320 -311 -303 -296 -288 -281 -274 -268 -262 -256 -248 -240 -232 -226 -220 -214 -209 -203 -197 -191 -186 -181 -177 -172 -168 -162 -156 -151 -144 -138 -131 -123 -113 -107 -99 -90 -86 -81 -79 -80 -80 -78 -74 -72 -72 -71 -71 -71 -72 -72 -71 -69 -67 -68 -67 -66 -64 -63 -61 -57 -54 -57 -59 -58 -57 -55 -52 -51 -49
-577 -568 -558 -549 -539 -530 -520 -510 -498 -486 -475 -467 -459 -451 -443 -435 -426 -417 -408 -400 -391 -382 -373 -364 -357 -348 -339 -331 -322 -314 -306 -298 -290 -283 -276 -270 -265 -257 -249 -243 -236 -230 -224 -218 -212 -205 -198 -192 -187 -183 -177 -172 -168 -162 -156 -150 -144 -137 -130 -120 -112 -105 -97 -91 -86 -81 -79 -80 -80 -79 -77 -75 -74 -74 -73 -71 -73 -72 -70 -69 -68 -68 -66 -65 -65 -61 -58 -55 -57 -59 -58 -57 -56 -52 -50 -50
-599 -589 -579 -570 -560 -551 -541 -530 -516 -500 -487 -482 -476 -469 -460 -452 -442 -433 -424 -415 -405 -396 -386 -378 -369 -361 -351 -342 -334 -325 -317 -309 -301 -293 -286 -279 -275 -268 -258 -252 -245 -239 -232 -227 -220 -213 -207 -201 -195 -190 -184 -179 -173 -168 -163 -157 -151 -145 -136 -129 -122 -111 -103 -95 -88 -82 -79 -80 -80 -79 -78 -76 -73 -73 -73 -74 -73 -73 -71 -71 -70 -69 -67 -67 -66 -63 -58 -57 -57 -60 -60 -58 -56 -53 -51 -49
-620 -610 -600 -591 -581 -572 -562 -551 -537 -517 -495 -496 -495 -487 -478 -468 -459 -449 -439 -429 -419 -409 -400 -391 -382 -373 -363 -354 -345 -337 -329 -320 -313 -305 -296 -289 -282 -277 -267 -260 -253 -246 -239 -234 -228 -221 -215 -208 -203 -197 -191 -185 -180 -174 -170 -164 -157 -151 -145 -135 -129 -121 -111 -102 -93 -85 -80 -80 -80 -80 -78 -77 -75 -73 -73 -74 -74 -73 -71 -71 -72 -70 -68 -68 -67 -63 -58 -58 -58 -60 -59 -58 -56 -53 -51 -49
-643 -633 -622 -613 -603 -594 -584 -574 -560 -540 -521 -520 -517 -508 -498 -487 -477 -467 -457 -447 -436 -425 -415 -406 -397 -387 -377 -368 -358 -349 -341 -333 -325 -317 -308 -300 -292 -285 -277 -269 -262 -255 -248 -241 -236 -229 -223 -216 -210 -204 -198 -192 -186 -181 -175 -169 -163 -157 -152 -144 -135 -126 -121 -110 -100 -94 -87 -79 -78 -80 -80 -81 -79 -77 -75 -75 -74 -73 -72 -73 -72 -71 -69 -68 -68 -65 -61 -60 -60 -60 -59 -58 -57 -54 -51 -50
-668 -658 -648 -638 -628 -618 -608 -596 -583 -564 -548 -543 -540 -531 -521 -511 -500 -489 -478 -467 -456 -445 -435 -425 -415 -405 -395 -384 -374 -365 -357 -348 -339 -330 -321 -313 -304 -296 -289 -281 -273 -265 -258 -251 -244 -238 -231 -225 -219 -212 -206 -200 -193 -187 -180 -174 -168 -162 -156 -149 -139 -131 -125 -119 -110 -101 -95 -91 -88 -82 -79 -81 -81 -77 -76 -75 -74 -73 -73 -73 -72 -71 -71 -69 -67 -65 -62 -62 -62 -61 -60 -59 -57 -55 -53 -51
-694 -683 -673 -663 -653 -643 -632 -621 -608 -594 -581 -572 -565 -556 -546 -535 -524 -513 -501 -489 -477 -466 -455 -444 -434 -424 -413 -401 -390 -381 -373 -363 -353 -344 -335 -326 -317 -308 -301 -292 -284 -276 -268 -261 -253 -247 -240 -234 -228 -221 -214 -209 -202 -195 -188 -182 -175 -168 -162 -154 -148 -140 -132 -128 -122 -115 -107 -99 -93 -89 -86 -84 -84 -83 -80 -78 -76 -75 -75 -75 -74 -72 -72 -71 -68 -65 -63 -64 -64 -62 -61 -60 -59 -55 -53 -52
-719 -708 -699 -689 -679 -668 -658 -647 -635 -623 -611 -601 -592 -582 -571 -560 -548 -536 -523 -511 -498 -486 -475 -463 -453 -442 -431 -420 -409 -400 -390 -380 -370 -360 -350 -341 -331 -322 -313 -304 -295 -287 -279 -271 -263 -256 -250 -243 -237 -230 -224 -217 -210 -203 -196 -190 -183 -175 -168 -160 -154 -147 -138 -131 -127 -122 -115 -108 -101 -94 -86 -85 -83 -82 -82 -80 -77 -75 -75 -75 -75 -72 -72 -72 -69 -66 -64 -65 -64 -62 -61 -59 -60 -57 -54 -53
-743 -733 -723 -714 -704 -693 -683 -673 -662 -651 -639 -629 -618 -608 -597 -584 -571 -559 -546 -532 -518 -506 -494 -482 -471 -461 -450 -439 -429 -419 -409 -397 -385 -375 -365 -356 -346 -336 -326 -317 -307 -298 -289 -281 -273 -266 -259 -252 -246 -240 -234 -227 -220 -213 -206 -201 -192 -185 -178 -169 -160 -154 -149 -141 -133 -128 -121 -115 -108 -102 -97 -86 -79 -81 -81 -80 -77 -76 -75 -75 -75 -71 -72 -71 -67 -64 -65 -65 -64 -62 -61 -59 -59 -57 -55 -53
-766 -755 -745 -735 -725 -714 -704 -693 -683 -672 -661 -650 -639 -629 -617 -605 -592 -579 -566 -553 -539 -526 -514 -502 -490 -479 -467 -456 -445 -434 -423 -412 -400 -389 -379 -368 -358 -348 -338 -329 -319 -309 -299 -290 -281 -274 -266 -259 -253 -247 -240 -234 -227 -220 -215 -209 -201 -194 -187 -178 -169 -161 -155 -150 -141 -135 -129 -122 -115 -108 -104 -100 -90 -83 -81 -80 -79 -78 -75 -75 -75 -75 -75 -73 -70 -68 -67 -67 -65 -64 -62 -60 -60 -59 -56 -55
-788 -776 -765 -755 -744 -734 -723 -713 -702 -691 -680 -670 -659 -648 -635 -623 -611 -598 -586 -573 -559 -546 -533 -521 -508 -496 -484 -472 -460 -449 -437 -425 -414 -402 -391 -380 -370 -360 -350 -341 -331 -320 -309 -299 -289 -281 -273 -266 -259 -252 -245 -239 -233 -227 -221 -216 -208 -201 -194 -185 -178 -170 -161 -154 -147 -142 -136 -129 -120 -113 -107 -103 -99 -92 -88 -83 -79 -77 -76 -77 -77 -75 -75 -74 -70 -68 -66 -66 -65 -64 -61 -61 -60 -60 -58 -55
-809 -797 -785 -774 -763 -753 -742 -731 -721 -710 -699 -689 -678 -667 -654 -642 -629 -617 -605 -593 -579 -566 -553 -539 -527 -514 -501 -488 -476 -463 -451 -439 -427 -415 -404 -393 -383 -373 -363 -353 -343 -331 -320 -309 -298 -289 -281 -272 -265 -258 -251 -245 -240 -235 -228 -222 -215 -208 -201 -194 -188 -179 -171 -162 -154 -148 -142 -132 -126 -119 -113 -108 -104 -100 -95 -91 -90 -79 -76 -76 -78 -79 -79 -77 -73 -69 -69 -68 -67 -65 -62 -62 -62 -61 -60 -57
-831 -818 -805 -793 -783 -773 -762 -750 -739 -729 -719 -708 -698 -686 -673 -659 -647 -636 -625 -613 -599 -586 -572 -558 -545 -532 -518 -505 -491 -477 -465 -452 -440 -428 -418 -406 -396 -385 -375 -365 -355 -341 -329 -319 -309 -298 -289 -280 -272 -264 -258 -251 -246 -241 -233 -227 -222 -215 -209 -203 -196 -189 -182 -174 -166 -158 -151 -143 -133 -124 -118 -113 -107 -104 -100 -94 -88 -84 -82 -81 -82 -81 -81 -79 -78 -73 -69 -68 -67 -65 -64 -63 -63 -62 -60 -57
-866 -849 -834 -820 -808 -796 -784 -771 -760 -749 -738 -728 -717 -705 -692 -678 -666 -655 -644 -632 -619 -605 -591 -576 -563 -549 -535 -521 -507 -493 -480 -467 -455 -443 -431 -420 -408 -397 -386 -376 -365 -353 -340 -330 -320 -308 -298 -289 -280 -272 -265 -258 -252 -247 -239 -233 -228 -221 -215 -209 -202 -196 -189 -182 -174 -166 -158 -149 -141 -131 -125 -118 -112 -106 -103 -100 -95 -89 -83 -81 -79 -81 -81 -79 -79 -76 -71 -68 -67 -66 -64 -64 -64 -62 -60 -57
-908 -889 -871 -855 -839 -825 -811 -797 -784 -771 -759 -748 -736 -724 -711 -698 -686 -674 -663 -650 -637 -623 -609 -595 -581 -567 -553 -539 -525 -511 -497 -484 -471 -458 -446 -434 -421 -410 -399 -388 -379 -367 -354 -343 -331 -320 -310 -300 -290 -281 -273 -266 -259 -252 -245 -239 -232 -226 -220 -213 -208 -202 -195 -189 -181 -174 -166 -157 -149 -140 -131 -124 -117 -111 -106 -103 -99 -95 -90 -87 -84 -81 -80 -79 -80 -78 -73 -70 -68 -67 -65 -64 -64 -63 -61 -58
-952 -929 -908 -889 -871 -854 -838 -823 -808 -794 -780 -768 -755 -743 -730 -718 -705 -693 -682 -669 -655 -641 -627 -613 -599 -585 -571 -557 -543 -529 -515 -501 -487 -474 -461 -448 -435 -422 -410 -399 -388 -378 -368 -355 -343 -331 -321 -311 -300 -290 -281 -272 -265 -258 -250 -244 -237 -231 -225 -219 -211 -206 -200 -194 -187 -180 -173 -165 -157 -149 -139 -131 -123 -118 -111 -106 -103 -98 -94 -90 -87 -86 -82 -80 -80 -79 -76 -73 -70 -68 -66 -65 -64 -64 -62 -60
-996 -971 -946 -923 -903 -884 -866 -848 -832 -816 -801 -788 -775 -762 -750 -737 -724 -712 -701 -688 -673 -659 -645 -630 -616 -603 -590 -576 -561 -547 -532 -518 -503 -489 -475 -462 -448 -434 -421 -409 -398 -388 -377 -364 -352 -341 -330 -320 -309 -298 -288 -279 -271 -263 -256 -249 -242 -236 -229 -222 -215 -209 -204 -197 -191 -185 -179 -172 -164 -157 -149 -138 -129 -123 -116 -110 -106 -100 -97 -94 -90 -86 -84 -82 -81 -80 -78 -75 -73 -70 -66 -65 -64 -63 -62 -62
-1052 -1019 -988 -961 -937 -916 -896 -876 -856 -839 -822 -808 -795 -782 -770 -756 -742 -730 -719 -706 -690 -677 -662 -647 -633 -620 -606 -593 -578 -563 -548 -533 -518 -503 -489 -475 -460 -444 -430 -419 -408 -396 -385 -372 -361 -350 -339 -327 -317 -306 -295 -286 -276 -268 -260 -253 -247 -240 -234 -227 -218 -212 -207 -201 -195 -190 -184 -178 -171 -164 -155 -147 -136 -127 -122 -116 -109 -104 -100 -95 -93 -88 -85 -83 -81 -80 -79 -77 -74 -71 -67 -66 -63 -62 -62 -62
-1174 -1116 -1067 -1027 -993 -964 -938 -914 -891 -870 -851 -834 -819 -804 -789 -775 -760 -747 -734 -720 -705 -691 -676 -661 -646 -633 -619 -605 -590 -575 -560 -545 -530 -515 -500 -486 -471 -455 -440 -428 -416 -404 -393 -377 -367 -356 -345 -334 -323 -312 -301 -291 -281 -273 -265 -257 -250 -243 -235 -229 -221 -216 -210 -204 -198 -194 -187 -181 -174 -167 -160 -153 -143 -131 -126 -120 -114 -108 -103 -97 -94 -91 -87 -84 -81 -80 -79 -78 -76 -73 -70 -67 -64 -61 -62 -61
-1307 -1219 -1151 -1096 -1052 -1016 -984 -955 -928 -904 -882 -862 -844 -826 -809 -793 -778 -763 -749 -734 -719 -704 -689 -674 -659 -644 -629 -615 -600 -586 -571 -556 -541 -526 -510 -495 -480 -464 -449 -436 -423 -411 -400 -383 -373 -361 -350 -340 -328 -318 -306 -296 -286 -276 -268 -260 -252 -244 -237 -232 -224 -219 -213 -207 -202 -197 -191 -184 -177 -171 -164 -157 -149 -137 -129 -124 -117 -112 -107 -101 -94 -90 -87 -86 -84 -81 -81 -79 -78 -75 -72 -69 -64 -61 -62 -62
-1421 -1309 -1223 -1160 -1108 -1066 -1028 -995 -965 -937 -912 -889 -868 -848 -829 -811 -795 -779 -763 -748 -733 -718 -702 -686 -670 -655 -640 -625 -610 -596 -581 -566 -551 -536 -520 -505 -489 -473 -458 -443 -429 -417 -405 -392 -380 -367 -356 -345 -334 -322 -310 -300 -290 -281 -271 -262 -254 -245 -237 -233 -227 -221 -215 -210 -204 -199 -194 -188 -181 -175 -168 -162 -154 -144 -133 -128 -123 -117 -110 -106 -98 -92 -87 -83 -84 -81 -80 -80 -78 -76 -73 -70 -64 -61 -62 -63
-1506 -1384 -1286 -1217 -1161 -1115 -1071 -1033 -1000 -969 -941 -916 -892 -869 -848 -829 -811 -794 -778 -762 -747 -732 -716 -699 -682 -666 -651 -636 -620 -606 -592 -577 -562 -547 -530 -514 -498 -481 -465 -450 -435 -422 -410 -398 -386 -373 -361 -350 -340 -327 -316 -304 -294 -285 -274 -265 -256 -249 -244 -235 -230 -224 -218 -212 -206 -201 -196 -190 -184 -178 -172 -166 -159 -150 -137 -130 -128 -121 -115 -111 -104 -95 -91 -87 -81 -82 -80 -80 -78 -77 -74 -70 -66 -62 -62 -62
-1678 -1548 -1429 -1338 -1261 -1202 -1142 -1089 -1046 -1010 -977 -949 -923 -898 -874 -854 -833 -814 -796 -778 -762 -747 -731 -712 -694 -678 -663 -648 -631 -618 -603 -588 -573 -558 -541 -525 -507 -491 -475 -458 -443 -430 -417 -405 -393 -380 -367 -355 -344 -332 -321 -309 -298 -287 -277 -268 -259 -252 -245 -238 -233 -227 -220 -215 -209 -203 -197 -192 -186 -180 -175 -169 -163 -156 -144 -135 -130 -125 -120 -114 -107 -101 -94 -90 -84 -80 -80 -80 -78 -77 -75 -69 -66 -64 -63 -63
